# 3Dd point list with one line of data per point:
#   POINT3D_ID, X, Y, Z, R, G, B, ERROR, TRACK[] as (IMAGE_ID, POINT2D_IDX)
# Number of points: 548, mean track length: 5.907692307692308
915 -41.793121128385238 -3.8206403835282794 90.741279737017393 135 66 43 -1 248 861 255 570 240 780
778 -32.602367243991033 -30.223002738340266 76.762746458910414 102 37 20 -1 243 1342 246 1464 249 1566 256 1632 248 1519
1006 -50.4629068807374 -115.87859812878789 166.6648491737941 0 0 0 -1 255 1673 256 1710 253 1951
465 -1.036018807505962 -1.4583010049074292 1.7430651330020661 0 0 0 -1 241 1168 249 1207
1002 -21.825867898512985 -174.28461550003945 160.75410443473686 0 0 0 -1 255 1630 256 1615
461 -19.852845428376426 -23.894492251458693 40.300686366973899 0 0 0 -1 241 1569 245 1486 250 1592 249 1655 247 1389
968 -65.523720141853673 72.036759589930412 55.105739275270579 0 0 0 -1 243 1020 253 1509
427 -9.6757356353180821 -18.006769898690937 26.789447153049835 141 55 28 -1 241 1463 246 1453 250 1489 249 1470
1005 -152.90198294169252 369.26486163333277 511.7751939897372 0 0 0 -1 257 1928 253 1943
1009 42.588450717045852 2.1613577040509653 151.93698757982847 0 0 0 -1 255 1684 257 1906 253 1963
468 3.7323648707118822 -2.0591539245821315 24.026286894764436 236 107 63 -1 249 1060 243 906 247 958
1011 -17.44902387179717 51.826210409330393 250.89940673855583 0 0 0 -1 257 1916 253 1969
470 7.9213899014504277 5.4074337597429505 17.683881463666694 0 0 0 -1 247 1255 249 1283
918 -92.51993888217055 6.8361512502238435 166.27610489187401 0 0 0 -1 241 1300 246 1298 247 1118 255 1330 245 1121
916 -162.0647508557596 9.4068654083785663 221.17583108498863 0 0 0 -1 241 821 245 1235 248 1250 252 925 255 1180
911 45.224450611472676 3.9395046019286926 39.874463227815966 0 0 0 -1 247 1464 257 1904
880 -124.51892317467608 -115.58954018984569 112.4673889853548 0 0 0 -1 249 1201 256 1296 255 1135 243 1153 245 1206 246 1159 247 1206 248 1348 259 1364 244 1378 250 1161 240 1257
893 -103.18483625778806 -107.97645419814437 121.13450673924129 0 0 0 -1 243 1154 255 1418 245 1207 247 1208 252 1158 256 1438
904 -91.173028291667109 -111.51129641809108 136.13551102075354 0 0 0 -1 243 1327 255 1581
910 42.461022750910381 2.9783640705133516 152.75162414850362 0 0 0 -1 257 1906 255 1684
369 -28.924428149312927 10.434614945507491 38.303547295998584 0 0 0 -1 240 1049 245 978 246 1064 249 853
161 1.6940854879144889 59.463399315800991 65.557398379183027 211 99 56 -1 241 740 246 326 245 632 250 358
1243 -56.16122468600004 -102.832207711007 91.475425401003562 0 0 0 -1 257 1890 254 1936
367 -107.13736142938008 43.444420693152594 171.26207128303793 134 60 35 -1 240 811 245 446 249 851
520 31.606865127955892 51.992843351611718 72.502049728854487 254 254 227 -1 247 1197 252 1147 243 1138
859 -57.110938704001477 -60.953187304542965 252.65025036961907 0 0 0 -1 243 1349 247 1403
1400 -58.339765207960298 38.789240985037004 107.52943278230886 0 0 0 -1 242 1392 251 1458
822 -34.986117146833983 -0.89768818949346962 159.85833379769102 0 0 0 -1 241 1023 244 856 259 1112 248 869
281 -15.574688188266531 4.4978807426510539 39.359290748956241 112 45 22 -1 252 1410 249 1672
1363 -0.30173643266086653 11.556814090504989 43.378743499174313 0 0 0 -1 257 1863 258 1781
163 53.714497020383327 5.6559402310780689 70.566300156594679 254 147 86 -1 241 830 250 817 245 729
1245 -1.9931270253594477 -67.010344458018693 108.20429974353921 0 0 0 -1 257 1895 254 1943
677 -98.953930029226967 -40.621883805048846 261.77371372027494 141 70 48 -1 243 1265 247 1334 244 1472 240 1375 241 1401 245 1321 250 1426 244 1397 249 1381
1218 45.723481587968415 4.1697922042686786 26.709577805761494 0 0 0 -1 255 1537 256 1578
629 -96.929529670380589 -45.865324212777594 257.94841968150467 122 62 40 -1 249 1054 256 1317 244 1193
1314 -38.879542201702321 -93.89071731582797 99.388163530146272 214 101 60 -1 241 993 242 993
205 16.65363211199249 -23.896698784137563 148.24635749056515 221 95 52 -1 240 423 252 336
746 18.165847056122409 -50.760972138177117 73.697420645689036 254 104 43 -1 240 1261 246 1277 250 1299
699 -32.860050704859397 -75.030793787854734 125.48040358651744 156 58 31 -1 240 1268 241 1277 245 1211 248 1355
1240 -75.596008563311742 72.8946942786866 105.39456855929677 0 0 0 -1 257 1826 254 1918
793 -98.00557386006011 -98.274418504735621 237.95925676795028 0 0 0 -1 240 1160 241 1173 246 1166 247 1094 249 1040 250 1170 252 1061 256 1133 248 1230
536 -26.741046964350534 -114.7653948754361 140.12552442182567 254 118 70 -1 241 1379 245 1307 246 1369 247 1317 243 1248
503 50.458934755704412 66.140917306334998 78.280092237708288 220 95 45 -1 252 849 243 864
1044 -15.332969420607141 45.462346115359843 258.57299220804509 246 116 69 -1 253 1969 257 1916
517 44.808749670870426 41.424828984634239 79.857074179214209 254 254 235 -1 247 1174 249 1319 243 1113
1058 -94.624347670902679 33.440393951766474 116.66890379154179 95 41 19 -1 256 624 258 661
1013 40.923226851858772 139.10600171622457 300.15295682016352 0 0 0 -1 255 1699 257 1921 253 1976
472 7.4860138600446726 8.3965815368875898 15.995737549574232 0 0 0 -1 247 1186 249 1333
499 33.494602550062922 43.737431908601671 86.986392349566756 203 114 66 -1 247 836 249 1142 243 785
1040 42.991590399071384 -28.664432755786926 114.89101447361675 254 135 77 -1 257 1853 258 1770
428 -33.781930255837615 -125.14410283174072 236.62593738670867 197 87 57 -1 240 1367 246 1378 249 1473 243 1161
969 -4.8161950338270501 -68.83329052357756 101.9256908988735 0 0 0 -1 256 1437 253 1534
991 -51.758089034705343 -117.30045741419161 101.67492801714863 0 0 0 -1 246 1443 253 1779
477 76.227913000033752 -13.831985323480307 60.256765303654603 254 147 87 -1 247 1332 249 1485 243 1263
531 42.544651135415741 51.33530148348234 89.14822945788498 254 254 236 -1 247 1289 249 1443 243 1228 256 1524
914 -138.46128583303968 -8.988122770084173 228.88815861723143 0 0 0 -1 259 487 255 569
400 -124.03021207676237 -2.3388681816759527 237.2907066413625 94 36 21 -1 245 1232 247 1113 252 1081 249 1242 241 1190 246 1194 240 1014 256 1329
909 60.710691400634531 -29.085929025957029 153.0119497607929 0 0 0 -1 244 1559 248 1627
368 -29.677226880188215 10.699698355049119 39.217316502467902 0 0 0 -1 240 1048 241 1051 245 977 246 1063 247 755 250 1061 252 701 249 852
395 -110.81534608815842 -19.785502991745151 254.22235006799443 124 59 38 -1 240 1282 241 1404 250 1320 249 1235 243 1053 256 1324
387 -124.51779281590079 13.982845867996735 251.60105425882205 134 55 31 -1 240 1024 249 1080 241 1198 246 1201 250 1208 243 925
1012 -177.19546761833359 79.00347242400602 322.81315567375049 0 0 0 -1 243 1448 253 1971
471 7.700569557391912 8.2638425985646133 16.530490656192828 0 0 0 -1 247 1179 249 1327
755 -52.372566852899901 -120.10628769843264 199.86074798430448 0 0 0 -1 247 1214 256 1441
498 6.8171262481874795 7.1484020529973478 14.924355826307336 254 254 234 -1 247 563 249 932 243 782 256 697
1039 -417.71959115329986 975.85442194096595 1465.7345680371811 0 0 0 -1 253 1943 257 1928
513 -8.1802055581042072 -8.5449119536353848 9.4585278434537479 93 21 5 -1 249 1202 252 1048 243 1033
571 9.7625856751097544 -2.3515899325246328 22.383532159506355 0 0 0 -1 257 1621 256 1459
558 -2.9171242277149823 -10.164012490449837 30.303206452984238 0 0 0 -1 249 1568 243 1344
532 7.7050579059563624 8.0623622028504709 13.960828633772383 0 0 0 -1 247 1192 249 1444 243 1230
1073 -46.62963744459573 -11.404533178396505 173.60439034114972 0 0 0 -1 255 1324 258 1444
198 29.764397053097362 12.337532826944551 90.740525192766881 254 119 64 -1 241 1586 246 1534 245 1504
1280 0.91768459899390431 24.863948491863432 18.2733093953021 0 0 0 -1 257 1760 258 1686
455 -10.827605374721907 -12.900683539226847 39.496467416826562 127 60 36 -1 240 1494 241 1533 245 1447 246 1520 247 1457 250 1561 252 1401 249 1619 243 1387
996 -23.696295313290587 -96.375584139374425 181.2651252739694 0 0 0 -1 241 1528 245 1397 250 1554 252 1395 253 1854 246 1457
961 55.823158906409411 -3.0914174857551004 40.516720918637567 0 0 0 -1 241 1187 246 1037 250 1192
447 -4.7104505138020816 -16.731308204057452 40.079865883107175 173 84 53 -1 241 1475 245 1400 246 1463 247 1397 250 1499 252 1337 249 1564
559 -21.70429098726428 2.71065155579719 37.16291874934484 0 0 0 -1 240 1504 241 1542 245 1456 246 1528 247 1465 249 1627 250 1567 252 1405 243 1399
994 -154.33292812338993 37.038755101794372 208.12700413318962 0 0 0 -1 256 1585 257 1719 253 1817
480 -12.30662735668384 -11.874782916035635 30.919826289679104 0 0 0 -1 246 1464 243 1342 249 1566
546 -22.192419205372786 2.8238576902482038 38.375848749856146 0 0 0 -1 240 1504 241 1542 245 1456 246 1528 247 1465 249 1627 250 1567 252 1405 243 1399
1087 -110.09452700245643 27.077252320386318 71.721908728660765 0 0 0 -1 245 1357 258 1577
1010 -17.44902387179717 51.826210409330393 250.89940673855583 0 0 0 -1 257 1915 253 1968
469 -6.0001780397492235 -12.009656984937832 42.862639431728816 0 0 0 -1 247 1099 250 1172 249 1217
496 -27.284814782477532 9.7253505040847106 35.823226572547036 0 0 0 -1 240 1048 241 1051 245 977 246 1063 247 755 249 852 250 1061 252 701 243 704
1037 -18.77309454795985 -159.65921331684271 147.4804209105732 254 146 80 -1 253 1905 257 1764
516 -38.611764095316744 10.72885423710354 24.691431459537458 0 0 0 -1 246 1208 243 1075 245 979
1057 -121.88467944606228 4.0465117539864828 67.926199536992272 0 0 0 -1 255 585 257 687 258 632
518 24.841019375403718 10.683491109220185 3.5034682113431344 0 0 0 -1 247 1026 243 1116 252 992 245 1027
1059 -137.54339679386104 -69.261420046596498 25.319082463400623 0 0 0 -1 240 370 241 393 246 358 250 764 247 347 252 290
549 43.261153483663982 -19.922973875542507 6.3217652562150093 0 0 0 -1 247 1493 243 1428
8 -60.400405807455307 10.661343876660379 137.5063738100983 154 80 54 -1 241 1411 257 1717
1090 -28.679698916938904 -57.80834385761738 60.010606867466535 0 0 0 -1 253 1781 255 1507 254 1651
505 8.8309310925428139 -6.1340053328541666 21.862970072835868 0 0 0 -1 252 642 243 897
818 -61.266019017173264 -61.838741525085958 149.91978927792698 254 254 229 -1 240 1160 241 1173 246 1166 247 1094 248 1230 249 1040 250 1170 252 1061 256 1133 259 1086 255 1153
534 11.015948794153074 9.1721238447608666 11.600657300107214 0 0 0 -1 247 1296 249 1450 243 1237
1075 -101.10050270784912 26.047711495390185 56.946358718275881 0 0 0 -1 256 1487 258 1460
481 -2.8220667290362069 -10.402599452290751 31.361231095793379 165 74 50 -1 249 1568 243 1344
1022 -50.458551348028827 -6.9307860329854867 173.81327051809478 0 0 0 -1 241 1293 255 1439
486 -10.259318665140846 6.1379054740085017 36.792198584922083 0 0 0 -1 257 322 243 177
521 3.0776225282385217 -30.33476213175144 30.875775806704461 0 0 0 -1 257 1691 243 1148
1062 -100.30932107325492 34.230101577169307 120.49645692720676 0 0 0 -1 257 1090 258 1011
992 -28.144720491146916 -99.773121854661937 100.33798144583774 0 0 0 -1 256 1544 253 1780
451 -61.184851516516787 10.705987493742914 107.80057123075727 171 89 58 -1 241 1498 249 1585 240 1506 243 1279
478 8.4979873139849378 8.6189241448861971 16.559580406012408 0 0 0 -1 247 1370 249 1531
1019 40.149854957892032 -2.5373883630992751 29.955635022931478 0 0 0 -1 241 1187 246 1037 250 1192
476 -15.034364813158069 -14.063494061942647 32.251918240112197 0 0 0 -1 240 1368 241 1392 246 1381 250 1417 249 1476
1017 -36.925756893743234 74.254938899909973 67.241617761404385 0 0 0 -1 255 1292 253 1354
475 10.93179897084706 9.0962015598082182 11.50531009017454 0 0 0 -1 247 1296 249 1450
474 8.3904987668688928 8.6189189764805576 14.909282025263504 0 0 0 -1 247 1192 249 1444
987 -210.32263118621924 9.9108522606660703 129.74447446672738 0 0 0 -1 255 1443 253 1713
446 -2.8127415773550046 -19.649857935597183 31.633767204669127 0 0 0 -1 245 1436 252 1328 249 1553
473 -19.672346436851544 6.663671617808105 13.832749555043 0 0 0 -1 245 1252 249 1411
985 -49.86211335649935 -6.6467385382960451 171.18531600580053 0 0 0 -1 241 1293 244 1309 240 1174
269 -15.242316168078801 4.8078977452977174 40.040817529048255 0 0 0 -1 257 1911 252 1410
628 4.4548144173267641 -13.949649714810556 52.308398007143168 202 77 36 -1 250 1308 244 1191
635 -23.766314271909913 11.565325429553287 63.060941816740517 139 60 32 -1 245 1135 244 1219
463 -12.578956398793077 -9.8443989720927423 45.02996033756412 0 0 0 -1 240 1537 241 1577 245 1494 246 1563 247 1499 250 1598 252 1436 249 1660
1004 13.261923461617664 34.47308128192708 213.54826128129676 0 0 0 -1 255 1689 257 1861
91 -79.780190580720458 -57.578736893792772 58.071951907770782 0 0 0 -1 240 1149 241 1165 246 1160 250 1163 245 1095
1165 -127.80393156916185 38.458140914264604 53.822326705492721 0 0 0 -1 246 818 254 1428
887 -37.936808305958429 80.233781144962265 67.211199704669141 254 254 228 -1 256 1119 255 1292 253 1354
346 -22.318315617562241 4.7722635099929569 35.669693797422276 0 0 0 -1 240 1545 245 1460 252 1411 247 1470
243 -12.005986355874111 0.87762115424080889 37.531402339918905 0 0 0 -1 241 1299 252 1278
861 62.167015245096323 -30.911282822006974 159.09048725363536 0 0 0 -1 244 1559 248 1627
595 -38.05730249860617 -84.035625582456177 65.775398941610987 0 0 0 -1 245 1202 252 1252 256 1542
54 13.723079142364693 -4.0270353641641687 27.023122580743856 0 0 0 -1 241 1578 250 1599
1160 -226.17817493400938 -7.9187902250538151 140.37760549018273 0 0 0 -1 257 1341 254 1403
594 13.52159041129522 -8.2274411086749044 103.71033164579613 237 107 62 -1 249 1060 256 1323
851 -99.519930791226017 -36.339690736394999 262.7527511949292 0 0 0 -1 246 1475 248 1584 252 1349 259 1550
1392 -33.319454620529648 -47.673460642859666 76.649919402234744 0 0 0 -1 258 945 251 964
53 14.637838147131147 -0.1935378358941926 23.896676710421243 0 0 0 -1 241 1540 250 1565
1162 -107.93842204466407 21.316751074866129 198.28564579696291 0 0 0 -1 257 1347 254 1408
460 11.192305772578155 9.4647529869090903 10.673864560934664 0 0 0 -1 247 1439 249 1645
467 -27.613594679787596 9.8348279161001031 36.277736136682627 0 0 0 -1 240 1049 245 978 246 1064 249 853
1008 1.5909895483850152 -15.658172817569074 160.66097626873432 0 0 0 -1 241 1580 255 1682
634 -24.220312498531868 11.84095523359068 64.412299737155351 139 60 32 -1 245 1134 250 1218 244 1218
343 17.441704861470747 0.71332133048749979 9.9968137642939201 0 0 0 -1 245 1412 252 1354 247 1414
1425 -62.871811955806933 -54.02120542535792 108.7190998742321 0 0 0 -1 240 1492 243 1385 244 1515 245 1444 246 1518 247 1454 248 1573 249 1618 252 1399 251 2085 241 1531 250 1559
78 -32.981661388058335 -51.045183789294704 148.26931601357944 121 45 24 -1 241 1532 246 1519 250 1501 240 1493 245 1445
1187 -104.81119891038406 25.59534309926557 141.9081666343815 0 0 0 -1 257 1719 254 1684
489 -150.4423531234296 -76.595039708251164 28.353984756480326 0 0 0 -1 247 347 252 290 243 336 250 764 241 393 246 358
1030 62.393330670992462 -58.061064215905844 161.82000492124607 0 0 0 -1 253 1690 257 1617
232 -15.127761028582567 -1.1904183793124514 37.977961269788835 0 0 0 -1 240 1383 241 1406 245 1332 246 1397 250 1434 252 1178
591 -50.566943685578458 -115.99183344184885 166.13239339337252 199 99 64 -1 256 1710 255 1673
1132 -103.62392022589025 -8.7994550815209891 53.373871044060344 0 0 0 -1 257 665 254 78
334 18.213760672664673 -0.4431260267945748 8.6584966660479523 0 0 0 -1 245 1228 247 1338
50 15.023631164784637 2.9639359573476232 23.563143333660314 0 0 0 -1 241 1499 250 1527
1159 -233.65678633737252 -11.684772251615344 150.94972690199035 0 0 0 -1 257 1340 254 1402
67 -30.598677635442584 -32.503091917202632 27.769082590471708 0 0 0 -1 250 756 240 737
962 55.538779646706466 -3.0406394315870031 40.301383190992013 0 0 0 -1 246 1038 250 1191
448 -13.0341591985948 -12.700310766750061 33.195161359202515 0 0 0 -1 246 1464 249 1566
845 61.190374850862632 -52.979392754793466 161.14302966178587 0 0 0 -1 247 1098 257 1617
277 -16.750269037334085 -1.4519513552795211 38.766838176313705 139 66 40 -1 240 1383 241 1406 245 1332 246 1397 250 1434 252 1178 247 1340 249 1494
1386 -79.892138513896867 -94.076799506592536 166.30265884050527 0 0 0 -1 254 1564 242 1673
1154 1.1715781900711837 23.98790566382943 30.709608925353898 0 0 0 -1 250 1145 254 1209
587 5.014363608854155 3.4507823104649686 8.0831851152695346 0 0 0 -1 243 1369 249 1592 256 1655
73 12.009590810244383 -9.014608712522449 66.495316612701828 0 0 0 -1 241 1537 246 1522 250 1563 240 1500
1155 2.180040112546862 48.169200848998194 76.851544469129891 0 0 0 -1 253 1633 254 1250
557 7.9267684926399209 8.1908886439406459 15.784849014074435 0 0 0 -1 247 1370 249 1531 243 1302
584 -2.8447500109500941 -10.072041327845545 29.932341081347577 0 0 0 -1 249 1568 256 1633 243 1344
16 -89.65260144083642 -76.402318015953838 143.21840976627806 92 32 16 -1 241 1473 257 1776 250 1496 256 1630 258 1702 255 1591
1125 -67.724511686683812 -47.499802711755905 108.83330705638647 0 0 0 -1 257 630 258 959
431 14.394322108397724 -2.1995664978653879 10.902547684174525 0 0 0 -1 247 1332 249 1485
578 -119.67767205085408 -10.316536808665541 259.20750388232403 0 0 0 -1 240 1383 241 1406 245 1332 246 1397 247 1340 249 1494 250 1434 252 1178 256 1572
37 10.061651564425741 19.167250044984588 92.655582669789197 254 120 71 -1 241 1588 250 1608 246 1574 240 1547
1119 1.6382372997268679 -11.913669796599077 113.05932324788176 0 0 0 -1 255 1682 257 1902
64 12.019097330642301 -4.2324352918395078 25.546176713028377 0 0 0 -1 241 1578 250 1599 246 1564
834 -131.07941345799824 31.030703770498096 205.17038710667185 0 0 0 -1 248 1388 259 1277
1172 -98.329413103140368 83.907350102101262 97.608298997072254 0 0 0 -1 257 1565 254 1614
63 12.941051580625931 -0.50754212675601407 22.596467553270017 0 0 0 -1 241 1540 250 1565 246 1525
1145 -113.52182493932563 -22.862781292416113 55.525452225192474 0 0 0 -1 257 1043 258 970 254 1113
566 3.4240591045401465 -1.9586617932700301 23.045615824606671 0 0 0 -1 249 1060 256 1323 247 958
1107 -22.766520024587699 -25.074099814429676 103.76472460038698 0 0 0 -1 243 1349 253 1918 259 1608
1161 -60.905424855565315 6.6417616292200412 209.16065451353893 0 0 0 -1 257 1344 254 1406 258 1446
52 7.9785791014375596 -3.4431442974730331 29.276159031793505 0 0 0 -1 241 1537 250 1563
25 -3.2970663070907875 -10.44451467524846 33.384214957108583 118 41 20 -1 241 1532 250 1501
1134 -41.107205200420637 -51.670465400964176 42.193824130407826 0 0 0 -1 248 804 246 1000 241 992
540 8.4254114429966656 8.5186172661852435 16.405898377315129 0 0 0 -1 247 1370 249 1531 243 1302
1135 -80.578108982895458 -9.0234482140811156 157.68519792699794 0 0 0 -1 258 978 254 698
26 -4.2760038035204762 1.7339864738398616 16.594282664904167 93 33 21 -1 241 1542 250 1567
1362 -4.9979391984384511 12.214849605941057 56.697731994875603 0 0 0 -1 254 1963 257 1916 258 1823
569 -63.075357092171565 -33.624919074604747 21.218003014688826 95 20 4 -1 241 1281 246 1282
28 -2.3862762961917046 -189.56947265228254 188.28779612147417 254 161 88 -1 250 1588 246 1551 245 1480
312 -63.10283283019163 27.483409926519489 176.20158352687832 133 53 25 -1 240 1195 241 1316 246 1307 244 1331 248 1392 259 1408
55 -4.555606585702292 -10.551904644541453 32.111720955181099 120 42 21 -1 241 1532 250 1501 246 1519
596 -12.561794465256472 -35.901730092311816 106.39099772145047 169 77 52 -1 256 1633 255 1514 249 1568 243 1344
950 -293.48804868701427 -4.8408701329784476 259.29156116966379 0 0 0 -1 240 781 241 1021 245 714 248 857 250 806 255 900 259 882 246 753 247 732 252 667 244 1082 243 915 256 924 240 782 245 715 246 754 247 733 250 807 252 668 244 1083 259 883 241 1022 248 858 255 901
409 8.0807857676715784 8.4525912398036773 16.811090855003997 0 0 0 -1 247 1179 249 1327
436 10.72169738630644 5.3770383654513552 16.614190252650257 0 0 0 -1 247 1356 249 1515
977 -111.10628778356644 -123.40852060780121 130.86493383904039 0 0 0 -1 255 1509 256 1547 243 1249 245 1310 248 1445 249 1469 252 1260 259 1458 247 1319 244 1449 246 1372 250 1484 241 1381 245 1384 246 1448 241 1458
483 10.850854055117898 9.3415774663413043 10.578930268400253 0 0 0 -1 247 1439 249 1645
554 -102.00739011799581 43.336057981212029 246.7468040374707 151 78 54 -1 257 1076 243 939 248 1268
1095 25.644714506270358 -3.4857062022489802 102.42736238740487 0 0 0 -1 255 1607 255 1529
1149 -87.764318286562869 28.550872238333241 159.75223812697402 0 0 0 -1 257 1080 254 1148
40 -17.847982627530524 5.9158241159661866 37.752503697192104 0 0 0 -1 257 1520 250 1217
1122 -112.13239535199239 -33.748287319717654 56.263953363878009 0 0 0 -1 257 266 258 580
255 6.804534093297983 -6.4922458113343149 30.983704120426985 0 0 0 -1 241 1483 246 1473 250 1510 252 1345
583 -79.199753146636198 -40.455910766204326 17.815110345144841 140 58 33 -1 246 1456 250 1493 240 1434 241 1467 248 1511 259 1534 247 1391 252 1332
1124 -93.360090053552398 -55.707078269280117 24.815121988504917 0 0 0 -1 257 603 258 938
42 -16.598333460103607 5.0204754048702549 37.277513296359366 0 0 0 -1 257 1632 250 1334
1151 -121.43320808968423 41.941600136820618 143.43248326754087 0 0 0 -1 257 1095 258 1016 254 1165
106 42.953911369071299 -18.519477915728359 105.70037722506008 0 0 0 -1 240 1538 241 1578 246 1564 250 1599 245 1495
79 -28.775025995671076 -29.745167662205258 25.171869095927764 141 36 8 -1 240 737 250 756
1188 -41.85398549822871 38.356184058420375 151.50241021353779 0 0 0 -1 258 1578 254 1687
1156 22.331039081410601 188.35007878022896 255.25396189636385 0 0 0 -1 248 1329 254 1307
47 14.058473076145514 -1.3102451218049307 25.079654547856325 0 0 0 -1 257 1622 250 1429
49 9.5602593005416061 -3.6615587549496924 28.303661861500789 0 0 0 -1 241 1536 250 1511
1158 -36.109770203883443 -3.8703554951231256 131.5908022259768 0 0 0 -1 257 1511 254 1397
1210 13.163492331243607 59.262038078733774 67.490525074303818 0 0 0 -1 257 1750 254 1803
101 61.201237918204356 14.468820508997336 115.62222917924191 0 0 0 -1 240 1507 241 1499 246 1484 250 1527 245 1415
74 28.737595415610539 -1.1907888394803388 54.880437425022492 0 0 0 -1 241 1540 246 1525 250 1565 240 1502
1183 -48.030645762769552 12.120094647008861 147.32883987822561 0 0 0 -1 257 1630 254 1679
355 8.1959520043269567 -3.6613646116960359 21.173811259584589 0 0 0 -1 245 1108 247 1226
556 10.357155117504069 8.7496793586807868 11.07281623683212 0 0 0 -1 247 1296 249 1450 243 1237
553 -26.270115506240764 9.2731081948902148 34.227246108666442 0 0 0 -1 240 1048 241 1051 245 977 246 1063 247 755 249 852 250 1061 252 701 243 704
1094 -14.310489675312379 -5.7380751443334459 93.376464822147739 0 0 0 -1 243 1268 259 1553
296 -18.065968579047329 7.0453629146438237 33.803572206885093 0 0 0 -1 240 1046 241 1047 250 1057 247 980
317 -4.7023808059435677 -17.489310629253819 30.414567791478426 0 0 0 -1 240 1366 241 1278 245 1314 246 1377 250 1413 252 1159 247 1215 241 1388
60 13.661119886341037 -7.6013509485133355 28.997808175314681 0 0 0 -1 241 1396 250 1422 246 1384
1142 -109.19518657803704 34.016599949776406 197.77236639659264 0 0 0 -1 258 651 254 745
573 -29.254077249308121 11.519492760716112 30.581290756767704 0 0 0 -1 243 1285 245 1359 247 1355 249 1514 250 1450 252 1205 256 1493 241 1323
5 -11.119945323969542 -0.076589392162267483 36.791510359088122 148 71 49 -1 241 1406 250 1434
1114 -4.2486736259799782 -174.87398176764586 176.785458311057 0 0 0 -1 257 1889 258 1800
59 -1.0266994007563697 -13.298172686387353 29.900432961346525 0 0 0 -1 250 1414 246 1284
1141 -109.19518657803704 34.016599949776406 197.77236639659264 0 0 0 -1 258 650 254 744
443 -13.00594495335671 12.773563183256599 18.47483363362905 0 0 0 -1 252 1238 249 1536
575 -8.7659588999582159 11.985656921496121 8.646751572500138 0 0 0 -1 243 1242 249 1461
1170 10.906067976209242 38.667169572590019 69.367524396161215 0 0 0 -1 257 1540 254 1592
61 -24.837814775304938 -14.005561832191269 8.493474075403844 0 0 0 -1 241 1467 250 1493 246 1456
1143 -109.24996370039774 34.362631344820691 192.67948931023429 0 0 0 -1 258 652 254 746
484 -15.609292440627174 4.4777191903428655 38.149101806587346 117 50 29 -1 257 1911 249 1672
1025 -9.605384824984025 -39.519042682402372 74.535671260176215 0 0 0 -1 241 1528 245 1397 250 1554 256 1623 246 1457
227 -18.708015688240678 -0.073938120646622682 40.570710386358925 0 0 0 -1 241 1190 245 1232 246 1194 252 1081 240 1014
768 -29.693104268210075 -38.598922195092484 119.01957630295902 122 45 23 -1 245 1218 247 1221 250 1419 248 1454 243 1042 255 1428
555 7.0399133895290262 7.7004074888104261 15.442051562868407 0 0 0 -1 247 1179 249 1327 243 1222
582 -17.477870852151888 -69.465896981884015 130.40195698141488 199 89 57 -1 241 1528 245 1397 246 1457 250 1554 256 1623
1123 -115.71794995014966 -18.158418052036126 57.044910278210779 0 0 0 -1 257 659 258 593
422 -21.274269174881823 7.3481568811514624 15.06506877051183 0 0 0 -1 245 1252 249 1411
963 -49.462958882562312 -5.0705809843189913 170.18062522057258 0 0 0 -1 259 1261 253 1399
43 -9.9901977607124515 5.5122778974929556 37.28081888370329 168 82 52 -1 257 1631 250 1337
1152 -104.9089789732093 37.364869814990996 121.85326495729512 0 0 0 -1 257 1096 254 1166
354 -3.8031708369923312 -14.344751086480965 24.967137838497916 0 0 0 -1 245 1314 246 1377 250 1413 252 1159 247 1215 241 1388
70 26.698316491089706 -3.635257826558604 56.568502551530571 0 0 0 -1 250 1429 240 1378
1179 -10.996699668715102 -10.362863367448378 105.42704320822936 0 0 0 -1 244 1399 248 1464
552 -8.8079374672047894 -4.7148617029749174 3.164401578714096 0 0 0 -1 240 1156 243 1039
1093 29.258824496034475 -1.3236682125295967 27.331671963202538 0 0 0 -1 255 1528 256 1644 255 1603
579 -25.029875472149897 5.9658666037181387 34.48979822904758 0 0 0 -1 257 1719 256 1585
1120 -117.3766992838524 13.539030466199119 64.306322612400962 0 0 0 -1 249 1673 257 1912 258 1821
419 8.6555600657327538 1.0068562129791576 19.005714578868844 0 0 0 -1 247 1121 249 1390
960 -135.73907539812285 -21.497992067508186 77.97408532280663 95 42 31 -1 256 1149 243 905 247 955 249 1056 250 1023 244 1073 252 907 246 1030 241 797 240 767
867 -31.605394863379466 -0.50565079561398663 145.93114659119004 0 0 0 -1 241 1023 244 856 259 1112 248 869
69 -26.957950441704263 -10.578886467085642 83.339547691455465 0 0 0 -1 250 1426 240 1375
1178 36.57785867206475 -17.683463613487792 117.81136475560672 0 0 0 -1 253 1701 258 1559
808 -95.726446043530544 -91.449923864623415 231.061954876242 0 0 0 -1 240 754 241 785 243 646 245 674 246 716 247 939 248 1072 249 790 250 770 252 636 256 887 259 845
1175 -46.396074970401081 -116.15644721181295 191.14570893648769 0 0 0 -1 257 1613 254 1655
66 -15.37552263029394 -26.258683284415838 77.531568022885551 120 42 21 -1 241 1532 250 1501 246 1519 240 1493
1148 -56.691787412702382 0.25560291086849207 143.38818832706681 0 0 0 -1 246 763 250 1039
75 33.238749004473377 7.4970749365853511 60.943788386039728 0 0 0 -1 241 1499 246 1484 250 1527 240 1507
970 -84.419645147886882 -122.707430400927 196.51409132176173 0 0 0 -1 247 1088 252 1053 255 1297 256 1301 253 1538
429 -15.065969684950632 -14.269998881336777 32.84905937577723 0 0 0 -1 240 1368 241 1392 246 1381 250 1417 249 1476
456 -24.097372412902057 3.1370277570907414 42.003045313658696 0 0 0 -1 240 1504 241 1542 245 1456 246 1528 247 1465 250 1567 252 1405 249 1627
997 -17.40045077128017 -55.083135939218579 130.83389517366464 0 0 0 -1 241 1475 243 1341 245 1400 246 1463 250 1499 247 1397 249 1564 252 1337
572 9.5588206844690635 -2.2615652209707995 22.028016477973416 0 0 0 -1 249 1233 257 1622 256 1460
1113 6.5623801096698307 51.794943323832996 262.49432610084529 0 0 0 -1 253 1970 257 1863 258 1781
1140 -150.52308232412918 16.263616162728191 90.993914735145438 0 0 0 -1 258 643 254 732 257 699
439 8.8794302389016408 8.7981040393731345 16.813571953978617 0 0 0 -1 247 1370 249 1531
898 -66.507476038993644 -148.38218672079631 157.16154229377145 0 0 0 -1 257 1609 255 1508
357 15.960294443719013 0.58183059404647874 9.2308525890248667 0 0 0 -1 245 1412 252 1354 247 1414
381 4.1463989943460886 -2.1270878597143641 25.454851832604142 0 0 0 -1 247 958 249 1060
41 -39.59340198081884 -0.64978708360546222 90.086131594048467 94 30 15 -1 250 1322 240 1287 241 1188
1150 -108.91890587535489 36.870670661143762 133.693868762715 0 0 0 -1 257 1089 254 1161
449 -2.542572397824499 -10.541367586845009 31.668394748922051 0 0 0 -1 257 1700 249 1568
990 -0.550009323280644 21.985435115654433 56.678057332934308 238 90 46 -1 256 1596 253 1733
250 -74.56496085734608 -38.491811747596564 18.673156452309634 0 0 0 -1 241 1467 245 1396 252 1332 240 1434 246 1456 250 1493
786 -27.026483621236736 -17.989465020804037 194.10374480811569 149 52 21 -1 248 1585 259 1616
245 11.377667266378943 2.195476445959923 23.942716679190479 254 127 64 -1 245 1347 246 1304 252 1284
1327 -39.417806052688306 2.0113724840097071 92.342219601648679 0 0 0 -1 240 1182 241 1195 246 1199 248 1093 250 1044 246 1046
529 7.5766975016000266 8.115278367043091 16.248182315589368 0 0 0 -1 247 1179 249 1327 243 1222
272 -26.780337289498934 29.507311014272368 17.140253164658766 0 0 0 -1 240 1520 241 1560 245 1479 252 1426 250 1587 246 1550
509 -15.028105805527227 6.6523277560227578 39.121130073266229 0 0 0 -1 257 1076 243 939
268 -7.2037229716128834 1.186860211170335 15.68500750303032 0 0 0 -1 246 1528 250 1567
515 -62.491293540838328 33.438632157086722 149.80589310346141 129 54 30 -1 245 1138 243 1070
1056 -121.88467944606228 4.0465117539864828 67.926199536992272 0 0 0 -1 255 584 257 688 258 631
258 9.477385176133426 -2.7967323426719122 26.848924652309488 0 0 0 -1 245 1407 246 1392 250 1428 252 1350 245 1326
65 -2.860570917467443 -15.346929275785907 31.874661249187294 148 51 24 -1 250 1414 246 1284 240 1273
38 4.5925652875032714 21.336249883701026 97.472250487296861 239 90 44 -1 241 1589 250 1609 246 1575 240 1548
1147 -95.172342807610818 -1.8316821454017307 51.635007968731585 0 0 0 -1 257 1059 254 1126
576 -4.9469952486168003 -12.857021791249716 10.645451596007996 0 0 0 -1 245 1202 252 1252 256 1542
1144 -1.4014488671488072 -39.120658373871329 61.864847397858462 0 0 0 -1 253 1071 255 856 256 868 254 1080
319 9.0185753750242554 -3.8774533784181546 22.808162125737791 0 0 0 -1 245 1108 247 1226
860 -47.735374107251154 6.3318141956450242 120.71838791521517 114 50 23 -1 240 1456 241 1541 244 1530 245 1455 246 1527 248 1593 259 1620
1401 -51.234946793049573 -45.81907126322541 94.902369047625641 0 0 0 -1 241 1391 246 1286 249 1475 250 1305 252 1167 251 1762 240 1274 245 1315 244 1296 244 1390 256 1553
276 -18.671883527912083 0.019055623054179818 40.532299877548027 0 0 0 -1 241 1190 245 1232 246 1194 252 1081
479 -12.671116213889412 12.176660862268356 17.683953903557097 0 0 0 -1 252 1238 249 1536
222 -32.796399244466187 16.488075541108525 15.99327505322505 0 0 0 -1 240 1090 252 989 246 872 241 1085 245 527 250 892
482 -23.217651295718717 2.9486488733299159 40.073106189027897 0 0 0 -1 240 1504 241 1542 245 1456 246 1528 247 1465 250 1567 252 1405 249 1627
225 16.308064334925195 -1.3550682283398705 25.322479389504327 0 0 0 -1 245 1114 246 1185 250 1190 252 1072
282 -28.174195918594791 30.480619182567647 17.456984425518822 0 0 0 -1 240 1520 241 1560 245 1479 252 1426 250 1587 246 1550
923 61.383526024128294 2.7035071591795634 35.752290908559175 254 148 85 -1 256 1647 255 1609
666 -50.281415444191225 -113.44089539604754 188.59329460510577 0 0 0 -1 240 1268 241 1277 245 1211 247 1214 256 1441
1207 -9.9956984029711311 39.681893934782806 87.942635160172642 0 0 0 -1 257 1650 254 1777
792 -99.347370636193432 -97.94268966001934 232.27263202476459 0 0 0 -1 240 749 241 780 244 430 245 669 246 709 249 784 250 769 248 829 243 351 247 365 252 303 256 884
251 -88.827773920926504 -81.186536089183718 138.36117630825655 125 60 35 -1 240 1488 241 1529 245 1440 246 1515 250 1556 252 1333 247 1452 249 1561 243 1338 256 1628 244 1511 248 1570 259 1601
1360 2.6054465572607959 7.8981073588213597 48.509102418953503 0 0 0 -1 254 1898 257 1861 258 1779
288 -32.309063653114634 -0.56265272458784588 30.678887704968567 0 0 0 -1 240 781 245 714 246 753 252 667 250 806 241 1021
1198 14.621600627096891 -6.16265341190919 19.225410914979832 0 0 0 -1 257 1699 258 1551 254 1741 253 1793 255 1516
89 -22.870376098167466 -43.593914231586552 35.980306522301632 0 0 0 -1 240 1253 245 1087
62 13.617433851742671 2.6680947688638685 22.840650217033836 0 0 0 -1 241 1499 250 1527 246 1484
1171 -3.8846598104640719 27.16867186012956 37.881489891367544 0 0 0 -1 258 1605 254 1607 257 1671
1420 -10.602083445713262 29.692019634764968 124.61403594168668 0 0 0 -1 257 1918 251 2110
311 -20.486713392810348 5.2239536894764216 37.580728297003319 0 0 0 -1 250 1336 247 1127
173 -6.6385798268955245 -18.50820104796664 31.626125413445589 149 52 21 -1 240 1268 245 1211 247 1214 241 1277
1255 22.235018448968102 30.535668396773069 76.00519398754885 0 0 0 -1 257 1920 254 1966
1345 -37.488157737758954 27.228404888646704 44.984406229317393 100 35 20 -1 254 1787 242 1777
236 -11.117603745165852 6.9590925088154529 28.837267104705997 125 48 24 -1 240 1307 252 1202
562 -24.430734751884614 8.6297508164583672 31.94015914854376 0 0 0 -1 240 1049 245 978 246 1064 249 853 256 947
305 1.5823585691702224 -5.2748334285267227 30.028312990592372 0 0 0 -1 250 1021 252 1064 247 1106
278 -11.942235847610451 0.83480120956783399 36.524040450257694 138 74 28 -1 252 1278 247 1344 241 1299
1387 -6.0116086664522932 13.935988622421593 71.019487294334297 0 0 0 -1 254 1962 257 1915 258 1822
72 15.785243367189194 -9.5333632613989661 63.959389900979353 0 0 0 -1 241 1536 246 1474 250 1511 240 1499
1181 28.39154693354558 4.3662154804258186 65.701938987139542 0 0 0 -1 248 1381 259 1395
356 16.238818090590986 -0.45944455931729644 7.7874733037772179 0 0 0 -1 245 1228 247 1338
897 -49.970569200355627 -113.64530309245181 87.752371143002847 254 160 87 -1 257 1606 255 1503 253 1844
1209 -53.749430631227874 41.911237872461761 62.262375640525363 0 0 0 -1 253 1829 254 1787
100 26.568505302358535 -18.034594850729079 117.83622186006623 0 0 0 -1 240 1499 241 1536 246 1474 250 1511 245 1405
401 -30.103197620461984 0.09745742887808112 18.765276028753618 0 0 0 -1 247 1115 257 1341 249 1243
383 -31.258773122266984 -1.5834763550234343 20.03475534955772 0 0 0 -1 257 1340 249 1072
408 8.3047172130911271 5.5528101524629676 17.985429004530584 0 0 0 -1 247 1255 249 1283
426 11.304442032301051 9.2460054494339197 11.641860011945816 0 0 0 -1 247 1296 249 1450
425 8.7652362820764971 8.7945853783854488 15.131130493272648 0 0 0 -1 247 1192 249 1444
410 7.8667603792360206 8.5935886628575986 16.278932161153577 0 0 0 -1 247 1186 249 1333
890 -48.786309032194112 28.820019906117569 113.26141929339974 0 0 0 -1 247 1135 249 1275 255 1347
376 -3.1688019825745952 -14.16760985498528 28.092678031806134 0 0 0 -1 252 893 249 1033
391 -5.8008566063267022 -12.093273431749287 43.309449159072017 0 0 0 -1 247 1099 250 1172 249 1217
413 -15.318974546455461 -8.4470849555370897 6.0815440823262685 0 0 0 -1 240 1271 249 1369
365 -29.683607383334554 9.9883992326029283 41.536143158996197 0 0 0 -1 241 1206 249 849 246 1060 250 1059 240 1047 247 754 252 700
209 0.24874965728631382 -1.3591118165745539 2.2808615487717159 0 0 0 -1 240 737 252 621
466 -28.158715621246536 10.026852035866515 36.941479342997347 0 0 0 -1 240 1048 241 1051 245 977 246 1063 247 755 250 1061 252 701 249 852
1007 63.153286682789776 -29.944783289307605 158.15607772274063 0 0 0 -1 248 1627 244 1559
993 -5.6018045573814863 -12.267502661573147 12.196939749972357 0 0 0 -1 246 1447 250 1483
975 -126.14088713335963 30.534348437181713 198.01570002127292 0 0 0 -1 248 1388 259 1277
756 -14.174888456155296 -48.41921307154805 96.490578854371449 0 0 0 -1 241 1283 257 1500 253 1545
1297 -46.193022549718719 -19.006836965210436 191.1054614159541 0 0 0 -1 253 1870 258 1647 254 1758 257 1708
938 -74.047900627154164 -6.4328223177757877 147.49555903654141 0 0 0 -1 257 677 253 696
397 12.244315767666468 -2.9724872204250685 52.417771705177344 254 122 82 -1 252 1074 249 1237
1032 48043.475897821227 -28079.809798408583 66827.072041224674 0 0 0 -1 253 1793 257 1699
1033 -61.937330803864654 -5.2908827290380005 142.25807467703405 0 0 0 -1 253 1805 257 1627
1035 -3.6594531429431116 83.783872819878027 297.26192659139116 0 0 0 -1 253 1881 257 1805
1036 -8.9742673125423735 124.67425886129165 347.53007035319916 0 0 0 -1 253 1887 257 1726
1045 -16.742442763965098 98.63105235796256 290.31313359531867 0 0 0 -1 253 1973 257 1869
1115 -34.130411664460496 -53.258197911378446 66.633163980585437 0 0 0 -1 253 1950 255 1672
6 18.824255730569146 -1.6377629253549302 75.38973098432453 242 95 58 -1 247 1411 249 1495 249 1579 243 1271 243 1354 256 1571
847 -68.690471629066977 -3.7563567781655305 140.39737912321431 0 0 0 -1 250 1322 252 1080 245 1115
1388 -6.0116086664522932 13.935988622421593 71.019487294334297 0 0 0 -1 254 1963 257 1916 258 1823
1136 -77.282709000279283 -1.166975774133056 37.67706955094269 0 0 0 -1 257 672 254 700
27 18.542190922015227 5.5535675842796373 75.282420978191993 254 115 69 -1 241 1543 250 1568 246 1529 240 1505 245 1459
1109 24.513236799471802 -8.3264089309121356 65.218949471801452 0 0 0 -1 256 1679 258 1773
900 -59.456055688387522 -24.598361861057594 158.92144393273807 0 0 0 -1 240 1375 243 1265 245 1321 247 1334 249 1381 250 1426 244 1397 244 1472 255 1520
1038 65.396620053674212 18.80863141914843 155.80603877288249 0 0 0 -1 253 1927 257 1909
757 -77.543828787628897 -15.830867051605358 176.81621753307437 98 34 18 -1 241 1185 243 1171 248 1364 259 1475 255 1322
770 -55.791957581452792 -23.951083352028263 163.60686875625672 107 38 20 -1 245 1323 252 1273 256 1560 248 1461 259 1549
807 -60.317715345107167 -59.9542200962279 142.35070133064764 121 54 32 -1 240 749 241 780 243 351 245 669 246 709 248 829 250 769 252 303 256 884 259 843 249 784 247 365 244 430 255 507
1348 -91.703304666260024 -84.235135661475908 142.83198341423565 0 0 0 -1 252 1333 257 1775 241 1529 255 1589 243 1338 246 1515 247 1452 249 1561 250 1556 256 1628 251 1899 240 1488 245 1440 244 1511
892 -51.470946951999728 -119.33284737916991 97.80707794748848 254 123 63 -1 255 1416 253 1673
360 -58.352056196833225 22.601658152070918 100.27143048794159 229 154 132 -1 241 512 245 445 247 452 252 389 249 534 250 504 243 430 256 617
1248 41.949145921749562 -2.3913620310679109 145.36092836092917 0 0 0 -1 253 1963 258 1816
1034 63.857817525534749 5.9646581168175388 129.5632246559444 0 0 0 -1 253 1879 257 1858
1083 -14.977591591834891 -15.797805943020117 96.278065157748969 0 0 0 -1 253 1795 259 1379 258 1558
1051 -37.791584420384275 -48.396105520001299 41.061709850256818 0 0 0 -1 241 370 258 526
1076 -103.54983517257625 32.363229827617275 65.926230630669281 0 0 0 -1 245 1252 258 1463
535 -8.8953318011443958 -35.888891950637884 35.475824176170818 254 147 81 -1 245 1305 252 1256 243 1246
1065 -103.30325701288731 29.263352545729187 63.513795249708636 0 0 0 -1 245 1142 258 1307
1064 -108.06879075118522 25.186059172680007 64.073302082164986 0 0 0 -1 245 975 253 1416 257 1355 258 1305
1063 -106.39038139009614 10.853329446726839 57.467019681448932 0 0 0 -1 247 976 255 913 257 1072 258 1295
1089 8.7864376526497701 -140.95475957454974 141.17264528573915 0 0 0 -1 257 1691 258 1633
1084 -68.577230276252564 -5.8969945509834227 157.34732755546003 0 0 0 -1 253 1805 257 1627
1052 -108.30456201221843 -18.367447355789345 52.549594439008899 0 0 0 -1 255 231 258 591
1126 -80.091006311135345 -63.979085923460929 94.499300256398598 0 0 0 -1 257 1497 258 1550
585 -15.442615563148646 -18.197100121435398 101.10778925659223 158 75 48 -1 257 1782 256 1638 254 1830
1227 4.9241798964174546 -14.537482224984856 23.003329120421 0 0 0 -1 241 1523 254 1884
116 1.8757399919841871 72.341927873022982 89.696733602188644 0 0 0 -1 240 1243 241 1259 246 1143
1225 121.54076129327298 159.37757073636465 132.73932265267436 0 0 0 -1 253 1842 254 1871
1043 -15.332969420607141 45.462346115359843 258.57299220804509 246 116 69 -1 253 1968 257 1915
1102 27.505169091826296 5.6127085239578607 113.92312879898329 0 0 0 -1 255 1652 257 1859
998 14.429666122817729 -18.732413571374163 104.10274079115386 0 0 0 -1 255 1599 257 1781
90 -98.868975604588201 -72.205332149333202 67.27781610422835 0 0 0 -1 240 1262 246 1278 250 1162 245 1094
1199 16.363716353436214 -14.920121672597187 79.891356521977784 0 0 0 -1 255 1598 257 1780
93 -31.670037199792034 -78.845716672235312 139.50086414610038 0 0 0 -1 240 1268 241 1277 245 1211
1202 -12.300184580818776 -5.7655952404451298 84.628333175923288 0 0 0 -1 257 1704 259 1553 254 1756
1118 1.6382372997268679 -11.913669796599077 113.05932324788176 0 0 0 -1 255 1681 257 1901
983 45.678614220870095 -15.359018360950557 108.69956475604636 254 98 50 -1 257 1621 253 1702 258 1560
1235 32.620587866220397 25.970208693933007 39.452784705845865 0 0 0 -1 258 1784 254 1904
1204 -33.467870688418358 -9.8661114002491725 129.35145582783341 0 0 0 -1 253 1870 256 1566 257 1708 258 1647
1246 23.037134002325665 -5.6580782329170711 20.548421620887328 0 0 0 -1 253 1955 254 1947
1211 2.722095226842951 84.726743459696365 77.970368384809916 0 0 0 -1 257 1760 258 1686 254 1815
1031 45.678614220870564 -15.35901836095077 108.69956475604745 254 98 50 -1 253 1703 257 1622 258 1561
1180 45.325108157643164 3.3979259333038363 14.128973798148829 0 0 0 -1 253 1708 254 1670
1242 -1.7738340355719702 77.894350657526047 94.244472513468523 0 0 0 -1 257 1883 258 1793 254 1924
1239 -20.644892189618911 65.367710671428469 107.15396740961049 0 0 0 -1 257 1926 254 1917
157 -14.541866015661761 17.439153375341643 41.251342344214493 200 128 86 -1 240 237 241 252 245 225
1042 -113.24908774984682 21.921511353681876 167.84664723128597 80 30 17 -1 253 1967 257 1913
1260 -53.649862410732233 79.13586528626503 66.882095054505285 0 0 0 -1 257 1888 254 1979
1220 -54.716757032796004 18.245719409997456 210.59379507263449 0 0 0 -1 257 1860 254 1842
1222 22.130697098424843 46.58497992617567 80.050089410287214 0 0 0 -1 257 1815 254 1852
128 -6.3998692127885164 75.306565100114369 86.500696345578717 0 0 0 -1 240 1355 241 1373 246 1362 250 1395
1237 -89.676554303147924 71.960705360773929 147.47569122510441 0 0 0 -1 257 1814 254 1910
1219 -90.335136516739482 1.6534636219960359 47.171330780309859 0 0 0 -1 257 1797 254 1841
1230 -32.840582211736837 -11.392759852500287 157.42770664304601 0 0 0 -1 257 1796 254 1895
87 -15.956769197303933 -26.619413591614776 25.140587613680285 0 0 0 -1 246 999 245 928
1196 23.630714771843667 59.906824217048666 89.999964561103866 0 0 0 -1 257 1743 254 1707
96 -55.303993573923798 -20.488323544644111 159.34439792085195 0 0 0 -1 240 1375 250 1426 245 1321
1205 -4.927417347750259 44.140170000150661 131.47628570329022 0 0 0 -1 257 1725 254 1771
83 -52.363438792427104 -61.455329358694279 21.120309695764252 0 0 0 -1 241 757 245 656 246 998
1192 11.041545259331574 41.566689477932833 79.079794251988716 0 0 0 -1 257 1658 254 1697
82 -44.919956063446378 11.54175310290778 28.80687803417927 0 0 0 -1 250 179 245 167
1191 11.041545259331574 41.566689477932833 79.079794251988716 0 0 0 -1 257 1657 254 1696
80 -139.60402593021061 -38.838416960339366 72.8404503750195 0 0 0 -1 240 394 241 422 250 116 245 102
1189 -61.562251387771802 53.801763957900896 192.33764311552525 0 0 0 -1 257 1645 254 1689
648 -17.325752055548865 -31.209938643562602 109.52030202830656 166 73 49 -1 247 1099 249 1217 250 1172 244 1298
86 -28.551123748968966 -43.439577443775725 40.20465658988671 0 0 0 -1 240 1254 241 1158 245 927
1195 -103.62347649449048 74.224508429608591 112.84896276852263 0 0 0 -1 257 1552 254 1704
58 -70.45330057522726 -38.50229301556476 27.294280475520083 101 21 5 -1 241 1281 246 1282
1167 -48.736371488146794 -34.371301173033757 51.871869527939175 0 0 0 -1 257 1497 254 1563
44 -74.419592908845942 -61.098586545973589 60.341858271715232 96 26 13 -1 241 1384 250 1410 252 1261
1153 -104.99770752097957 39.263346918818634 68.992917630396605 0 0 0 -1 257 1361 254 1182
1138 -94.482154513967828 12.07476230496991 207.68652571971447 0 0 0 -1 257 1345 254 723
1194 -92.496898490069611 63.875215687301342 98.981730282199464 0 0 0 -1 257 1663 254 1702
1257 29.835484041079795 47.971269695014207 66.197738496752976 0 0 0 -1 257 1876 254 1972
99 -26.145929321662408 26.721920983621992 36.95195649813494 0 0 0 -1 250 1476 245 1371
1208 21.699740664461146 35.802408620939786 64.158461683225909 0 0 0 -1 257 1731 254 1778
1241 16.735272504858862 68.171317580942514 90.892562330266543 0 0 0 -1 257 1879 254 1922
105 -89.008752375197815 -108.33108313592612 86.753888129968345 0 0 0 -1 257 1840 245 1482
1214 57.050857523114018 -1.4136556787932608 35.155555899269565 0 0 0 -1 257 1788 254 1831
1238 22.581579515229777 37.334882535346914 54.866660461485075 0 0 0 -1 257 1873 254 1912
1233 -88.276057031251582 29.254693390916366 198.48831781956997 0 0 0 -1 257 1914 254 1900
1221 16.303173125876395 40.713211118038224 81.933277277905077 0 0 0 -1 257 1730 254 1850
1139 -112.02895303448115 14.480973856725152 64.394004993616846 0 0 0 -1 257 698 254 731
1258 18.419115527652703 53.103829523031614 66.862714971166739 0 0 0 -1 257 1927 254 1973
1224 2.1663895938606772 56.557579344263452 91.843504292959935 0 0 0 -1 257 1821 254 1864
1223 23.093891358496922 45.536245902775086 72.503915401648513 0 0 0 -1 257 1816 254 1855
1256 8.3986041401789731 43.255163403820646 92.002611993082255 0 0 0 -1 257 1921 254 1968
81 -145.0866660648999 -22.754210825062117 74.10273512166637 0 0 0 -1 240 422 241 139 246 131 245 123
1190 3.8623273007204117 45.47921087942705 93.154830224237557 0 0 0 -1 257 1733 254 1694
1244 -18.958136073257485 -56.781552295430487 61.69376618947615 0 0 0 -1 257 1891 254 1938
348 -2.2732320098626784 -88.786114533860953 88.892560639426449 254 150 83 -1 252 1427 247 1485 243 1423
1430 -4.1625717277952496 9.8194004758779485 46.835803045657499 0 0 0 -1 254 1963 257 1916 258 1823
77 -10.660749133825405 -4.5854732404743483 36.397440606168196 0 0 0 -1 250 1426 240 1375
1186 19.638336703208825 18.800089789095885 88.036858185476589 0 0 0 -1 257 1522 254 1682
1060 -147.88577751172375 -46.578509351346909 67.497397469631395 84 29 19 -1 257 642 258 963
68 28.862309887442144 -18.038121377152098 66.839975303621031 0 0 0 -1 241 1396 246 1384 250 1422 240 1370
1177 28.54205136287294 -4.2279463814438181 23.258324483646479 0 0 0 -1 249 1378 256 1319
1197 2.9654739748360956 64.281547694082349 76.40164979561311 0 0 0 -1 257 1676 254 1712
1259 -37.386404840353087 73.841583157885069 96.424922238664706 0 0 0 -1 257 1928 258 1832
94 48.609118330834761 -32.278159080251584 117.02064528832875 0 0 0 -1 240 1370 241 1396 246 1384 250 1422 245 1219
1203 36.566259191483994 -7.8384729627448602 139.28693736267709 0 0 0 -1 253 1802 258 1646
97 46.59444569043314 -6.8579362003331568 103.00141452471664 0 0 0 -1 240 1378 250 1429 245 1328
1206 -76.459861410517291 53.919864220969664 141.07754852969501 0 0 0 -1 257 1648 258 1582 254 1773
979 -87.251803904599171 -105.92159303436735 125.67279070338694 125 44 21 -1 257 1610 258 1542 254 1652
76 25.290493683049 -10.158541285451859 59.487999782006383 0 0 0 -1 241 1578 246 1564 250 1599 240 1538
1185 -81.71850904999809 20.105744953211577 183.66019480998241 0 0 0 -1 257 1633 258 1450 254 1681
1213 20.280526737209335 -26.204009382709042 134.53145610098269 0 0 0 -1 253 1866 258 1708
1253 -48.590561707070471 33.236944907626622 146.57005100064771 0 0 0 -1 257 1917 258 1825 254 1964
1112 19.981533182032589 28.920732894235311 248.85070960533548 0 0 0 -1 253 1928 257 1861
3 -86.130015513182897 -75.537002450643698 157.32545532015064 99 37 20 -1 241 1391 250 1305 246 1286 240 1274 245 1315 252 1167 249 1475 244 1296 244 1390
1085 -53.444402516796522 13.059928747220365 96.124087981903187 175 95 67 -1 252 1195 247 1244 256 1480
1111 -36.969925882995653 8.5072469611041317 163.41088471548406 142 54 27 -1 257 1798 258 1776 254 1897
1193 -100.35347793903145 72.915533181022255 127.40671795356228 0 0 0 -1 257 1662 258 1597 254 1701
1127 212.76690761886016 272.99547905501561 219.80036982405429 207 72 34 -1 255 1575 258 1753
1249 -67.221084460486523 10.240183889617473 185.2136689175515 0 0 0 -1 257 1908 258 1818 254 1959
1250 -77.956553773630318 20.834662025184503 192.17417007702716 0 0 0 -1 257 1911 258 1820 254 1961
1269 43.237153774194958 3.4308935732603576 15.261357925929151 0 0 0 -1 257 1903 254 1954
1276 -7.8676386393065858 -4.4409175622357511 55.965724093826644 0 0 0 -1 257 1704 259 1553
1121 53.962901230393769 57.463162471367376 51.680013396903178 0 0 0 -1 253 1944 255 1668 258 1833
1066 -104.80824764945018 31.900104172782619 45.805056348756345 114 41 27 -1 250 522 258 1312
21 10.654301096528117 9.3465721082257094 95.631786499321905 254 129 78 -1 241 1501 246 1486 240 1390 246 1408
1130 -10.215028747966365 -11.789497868913326 68.96086124739351 156 71 44 -1 259 1379 258 1558 253 1795
48 -9.2109849357243032 -3.4729812337620731 64.110555340532088 154 52 20 -1 257 1707 250 1432 242 1564
127 -0.45502198801628635 81.087335407092013 95.598147936990841 0 0 0 -1 246 1361 250 1282
1236 -3.9246330863089756 17.088294036439319 39.430410864642575 0 0 0 -1 257 1869 258 1786 254 1906 253 1973
526 -42.927051886725259 7.8644215426733686 91.285074561871767 135 57 34 -1 240 1188 245 1127 250 1332 252 1086 243 1181 247 975 249 1083 255 1182
366 -40.741633681339032 16.561455941136813 71.143019115052752 123 59 35 -1 241 514 249 850
1226 -4.3588896834241035 -92.046936145923127 93.921800540127677 0 0 0 -1 256 1707 249 1650
1212 5.9659793562714292 -31.62386826378944 63.531498332699947 0 0 0 -1 257 1773 258 1699 254 1826
671 -21.980266796318102 23.715756030979627 48.134165294429152 213 110 68 -1 241 1435 246 1433 250 1466 244 1436
1264 -77.354498640980083 -90.544756039568881 146.06549921627794 0 0 0 -1 252 1162 254 1736
1263 -92.304487267542427 -96.521168691117325 142.15990439522864 0 0 0 -1 252 1160 240 1267 243 1158 246 1376 249 1208 256 1442 255 1421
1252 -4.814618749658754 12.032801858221728 54.89620089082814 0 0 0 -1 258 1823 254 1963 257 1916
1251 -4.814618749658754 12.032801858221728 54.89620089082814 0 0 0 -1 258 1822 254 1962 257 1915
1271 -121.75619860655176 -69.413608429026809 152.8398922510259 0 0 0 -1 252 637 246 370 245 357 259 846
1292 -57.532293970111866 3.5278486901487804 198.28095116048948 0 0 0 -1 253 1561 258 1446 257 1344
1166 -27.906641281114602 27.065693269061249 75.019828939264428 0 0 0 -1 257 1360 254 1429 258 1313
1294 -70.119231573908408 -8.679767935626149 164.51725304988477 0 0 0 -1 253 1805 258 1565 257 1627
731 -66.633093094717381 -3.1133707313335313 40.076362930966702 104 50 37 -1 241 1019 244 1077 245 956 250 1033 252 662 248 1086 240 1010 243 671 247 726 259 878
1358 -7.1270625686807474 -5.9038628671127986 53.956395771987218 0 0 0 -1 248 1585 242 1895
249 -62.689932631910047 -98.625516493422538 138.19826681495238 140 55 26 -1 241 1462 257 1845 252 1325 245 1387 244 1451 248 1508 259 1527 253 1847
795 -52.394752406575513 -21.434350161590231 131.15636711846685 86 29 16 -1 246 1388 249 1380 248 1459 240 1448 241 1402 245 1320 252 1270 248 1525 259 1472 247 1228
800 -10.477465877821775 8.4431626553832846 55.763716759562278 254 206 153 -1 240 809 244 552 248 897 259 538
828 -44.58027479764884 23.717313694732006 36.026015867227926 97 23 7 -1 241 1084 244 1246 259 1178
1369 -36.261609516344556 5.9455283605100346 97.004735592600809 0 0 0 -1 254 1959 257 1908 258 1818 242 1957
19 -18.368951844523178 -20.928088340235078 85.417241294043038 156 72 40 -1 241 1480 250 1562 240 1495 245 1448 247 1403 255 1644 243 1349
921 -57.154532543335783 -6.0515054921040168 113.0483485326708 112 57 40 -1 241 1292 259 1479 255 1530 240 1284 246 1187
1048 -84.091659930139727 27.442432842204838 113.4515697382143 118 58 43 -1 253 80 258 97
1078 -66.435210092714783 -58.489311207896336 60.152063804451984 96 25 10 -1 253 1680 258 1545
1092 -23.386008019020977 -39.339730728694001 139.97432186944948 128 43 24 -1 253 1695 258 1641
184 -15.261591513302683 -6.6327702631322776 43.359218915125481 125 61 42 -1 240 1375 250 1426 245 1321 247 1334 249 1381
1293 -34.026747749808266 -37.593725213518077 44.986435011542675 0 0 0 -1 253 1678 258 1542
165 1.1132520910641286 67.263322174298509 73.394183676395414 254 254 214 -1 241 978 246 984 245 915
1274 17.533049330638882 15.828307197742937 8.5548277056474777 0 0 0 -1 257 1666 258 1676
166 5.6492927262200272 38.432601318354365 41.404832578857402 254 197 155 -1 241 983 246 674 250 738 245 919
1275 -29.203587612964025 -50.71809509255425 75.953214997310539 0 0 0 -1 253 1786 254 1735 258 1694
1133 -26.126767040931252 -1.2065082791426842 9.4288280126877844 0 0 0 -1 258 591 254 306
1302 -5.0397090250900414 -14.42396822599723 73.452771357883094 0 0 0 -1 254 1746 257 1619
1342 -53.853110437797326 -128.55366040463502 112.32383971567485 0 0 0 -1 253 1779 259 1522 242 1746
1353 -1.6993560205759379 14.04589176966816 64.237817569075688 0 0 0 -1 255 1690 242 1844
211 -16.698070567954918 18.293422425832432 40.608261459264988 196 139 95 -1 246 527 252 760 241 617 250 598
1320 -75.149267323471165 -5.5441892768197594 129.27522161348276 0 0 0 -1 245 712 242 1354 255 898
1355 -36.420392175068585 -31.466689873612246 23.900474470682596 0 0 0 -1 241 1566 252 1390 242 1882
226 6.628239935338482 -1.0277005333692588 24.156506381802682 253 117 76 -1 246 1191 252 1073
1335 -70.404487255061326 -82.552112641989709 144.94952337502005 0 0 0 -1 254 1564 242 1673
252 -6.7788763584286391 -12.398677808978155 34.436581850575273 0 0 0 -1 240 1493 241 1532 245 1445 246 1519 250 1501 252 1338
1361 -4.9979391984384511 12.214849605941057 56.697731994875603 0 0 0 -1 254 1962 257 1915 258 1822
435 30.968364675638067 1.8951505107121016 16.84666756268323 254 106 55 -1 247 1347 252 1280 243 1277
1347 -66.602991692847539 -77.819370354783061 128.90994542302636 0 0 0 -1 244 1509 247 1389 248 1512 252 1394 259 1599 243 1331 246 1513 249 1555 241 1569 248 1618
1356 -82.627785710356648 -70.387015877518962 141.10584763240925 0 0 0 -1 240 1492 244 1515 248 1573 241 1531 243 1385 245 1444 246 1518 247 1454 249 1618 250 1559 252 1399 256 1676
1326 -25.118780158185292 -3.9398425871964307 90.257879039737688 0 0 0 -1 253 1707 258 1443
1382 -19.155199930634453 15.069303271728248 57.025359944955461 0 0 0 -1 254 1964 242 1963
1234 12.978755424646172 11.1421582305328 33.400755941878899 254 148 79 -1 257 1864 258 1782 254 1902
280 9.0204123722649499 -2.8189321200465574 26.183571927879942 0 0 0 -1 245 1407 246 1392 250 1428 252 1350 245 1326
1389 -35.590202716412001 5.6752177613319059 93.854718710893849 0 0 0 -1 258 1818 242 1957
1343 -5.0377533169830029 -14.43525625354321 73.498618380540819 0 0 0 -1 254 1746 257 1619 242 1755
1273 1.8524165301402935 18.993764666519937 34.886234211341971 254 254 221 -1 257 1733 258 1668 254 1694
1417 -6.7673563926522142 -6.8931569716599084 57.893141947563663 0 0 0 -1 242 1895 251 2094
1415 -3.951853380596984 22.729332412810866 57.380857431126458 0 0 0 -1 253 1973 251 2032
1403 -34.635045360636845 28.991125199685833 44.897245706671917 0 0 0 -1 253 1831 251 1820
1410 -5.067716088386387 -23.310708771083846 54.720048264436322 0 0 0 -1 243 1340 256 1631 251 2004
1398 -9.6273653333820466 -3.6585036875259878 65.54515255660759 0 0 0 -1 242 1564 243 1268 250 1432 254 1393 257 1707
304 1.5921867654053252 -5.2823760940036397 30.068178692850424 0 0 0 -1 250 1020 247 1105
1413 -27.529875996608794 10.417472974338473 101.78759769591024 0 0 0 -1 258 1778 257 1860
1232 20.732130907355366 9.7707665067751321 31.984032121300938 254 136 81 -1 257 1862 258 1780 254 1899
1281 -9.383295534175538 -12.041467188110126 61.722539493031334 0 0 0 -1 256 1638 257 1782
690 -32.516151885423689 -24.405609869202841 107.05805250082878 137 64 38 -1 240 1537 241 1577 243 1434 245 1494 246 1563 247 1499 249 1660 250 1598 252 1436 256 1716 244 1558 248 1626 259 1644 255 1680
1423 -44.128931038533324 27.749549216173946 138.38648361598121 0 0 0 -1 258 1825 251 2163
1312 -85.499265544605734 -8.1623639609406133 50.741636489279422 0 0 0 -1 245 135 241 152 246 34 247 146 249 46 250 24 255 244 243 138
1340 -41.938181281741869 31.467348687951588 45.792160374269258 138 64 41 -1 254 1704 242 1712 257 1552
231 -52.50985343395606 -67.563221975417648 120.59422536588455 108 34 16 -1 257 1499 252 1164 256 1445 253 1688
1424 -38.329429345602748 -39.595564552689616 94.853098245554108 0 0 0 -1 240 1161 251 1387 241 1174 246 1167 248 1231 250 1171
1429 -4.1625717277952496 9.8194004758779485 46.835803045657499 0 0 0 -1 254 1962 257 1915 258 1822
