# 3Dd point list with one line of data per point:
#   POINT3D_ID, X, Y, Z, R, G, B, ERROR, TRACK[] as (IMAGE_ID, POINT2D_IDX)
# Number of points: 884, mean track length: 5.769560557341908
1740 -22.615049506288017 -17.51855043409158 66.74456769138493 150 94 72 -1 220 673 223 638 224 884 217 688
1442 -2.9974437437105235 8.7538502975855348 30.527516862472432 0 0 0 -1 220 1310 217 1473 223 1297
1650 15.624305632940562 4.4933362137081634 10.661331793375993 231 93 61 -1 221 1358 222 1357
1805 6.1510301686101236 5.0763537380313926 18.558858190962187 0 0 0 -1 222 1358 224 1647
1795 -6.1343926998113449 9.5430580718936273 50.039315156994455 90 34 17 -1 205 1765 206 1855 207 1732 210 1677 211 1859 212 1936 213 1718 215 1785 216 1816 219 1427 208 1807 208 1906
589 -75.198959524249062 -26.987960506712021 124.97844859021917 79 29 14 -1 205 438 213 511 210 805 209 484 215 891 208 475 214 852 206 922
1665 -63.184380969527396 -23.5727995515321 104.02041018144755 150 105 94 -1 209 842 213 912 214 851 215 889 208 470 210 801 206 532 207 461 205 433
1798 -4.0768486093749603 17.520356151863979 30.217703758712481 146 72 46 -1 222 1267 221 1297
1713 1.2218630489125104 0.98100154401386419 41.125945453152724 0 0 0 -1 217 1553 223 1426
1667 -40.692807317109121 -13.880162319387193 108.48037716408808 156 101 87 -1 208 928 215 1240 205 864 206 1289 207 1220 214 1443 209 1239 210 1155 211 1287 213 943
1725 9.474356980132093 13.2436164802712 31.059279262909602 243 117 69 -1 220 1609 223 1496 224 1651 217 1676
632 -6.3650935024080209 -19.023711499250254 73.719834070158456 169 64 29 -1 220 1467 221 1330 224 1526
1741 -60.898817853870767 10.017800736666647 98.998406076257666 147 103 94 -1 211 1309 216 1360 210 855 212 964
1750 7.3529194500744754 -1.012262690169204 21.438592234356559 184 81 47 -1 220 1602 224 1672 222 1382 221 1446
1773 -5.8530377376247706 6.9871105360719472 52.930376706025292 87 28 9 -1 209 1438 219 1083 210 1356 213 1492 208 1311 205 1258 211 1316 212 982 216 1370
1807 -8.7698353608454553 -18.241691624107442 62.318171502197067 106 44 26 -1 211 2070 212 2160
1813 -10.686089225658032 8.7619287625049456 62.410966175509841 84 28 15 -1 205 1945 208 1985 210 1748 211 2027 212 2122 213 1890 216 2156 219 1549 207 1851 209 1770 215 1855 206 1927
1831 -12.753352576553754 4.7205420145127981 8.1103461461151554 0 0 0 -1 219 1270 222 1108
1697 -0.28429408370939768 13.731650783713977 27.502895203600161 0 0 0 -1 216 2012 220 1424 224 1494
1782 2.279969792407277 -1.8351228731626701 -10.156676906171645 86 45 34 -1 220 1297 219 1251
1820 7.250510275030579 13.46502224845743 10.524301407707487 235 106 63 -1 224 1684 219 1606
1772 -7.9331144138894523 8.0011688235069709 64.213124776413309 0 0 0 -1 205 920 208 965 212 980 216 1018 219 1081 211 942
1765 -10.710104250178988 13.203649817379276 69.832617568494996 0 0 0 -1 208 1317 219 790 210 1194 213 1316 205 1265 206 1349 207 1280 209 1442 215 1288
1796 -11.545368610526248 14.758524533765513 46.219457590674587 0 0 0 -1 215 1794 206 1868 207 1815 208 1824 209 1627 210 1596 211 1733 213 1735 216 1839 218 1669 205 1650 212 1797
1809 8.994881234756523 -3.3685033625787746 45.223837368551507 0 0 0 -1 217 1663 220 1599 221 1444 223 1484
1800 19.581180535582693 -7.6028252403854637 48.121131314850281 0 0 0 -1 213 1930 218 1765 220 1540 223 1423
1811 5.7702566011051868 2.1639982327559628 18.409682726607105 0 0 0 -1 205 2011 211 2087 212 2181 216 2214
1803 12.391782080848472 -1.3789102422665185 39.279202289943619 0 0 0 -1 205 2006 208 2039 212 2175 213 1935 216 2210 211 2083
1780 -26.234271158674094 -2.7223156338032832 25.819518295410145 0 0 0 -1 214 1723 206 1741 207 1715
1793 15.028962861301105 0.93135557420509196 33.428548391831285 0 0 0 -1 211 1952 216 2080 212 2035
1787 -9.4119995385730011 13.863916820375147 65.446121218532326 0 0 0 -1 205 1638 209 1614 210 1581 211 1711 213 1722 215 1786 219 1358 208 1811 212 1770 216 1633 207 1733
1790 -7.3829510443355701 25.69611744807537 42.257328218508846 0 0 0 -1 223 1330 220 1428
623 -9.1639378455399818 -24.393508399506107 87.670397564480481 181 75 41 -1 205 1736 213 1694
1788 -1.9582464763712624 18.334496377983378 39.736096549708506 0 0 0 -1 208 1709 222 1261
1817 7.7231723466584405 10.565656435290222 10.317566981046351 0 0 0 -1 222 1397 219 1563
1764 -9.6119285459698283 0.70831150080424476 11.414886138599076 0 0 0 -1 220 988 219 777
1791 -15.009105387708559 -6.7359994602035771 5.4246798873544346 0 0 0 -1 211 1243 219 1409
1595 -37.101710045714185 -4.6023920638029434 30.503347809358583 254 238 193 -1 223 373 221 420 220 419 217 403
1654 12.684732641539934 -12.256189549815264 34.090165910914038 239 114 69 -1 220 1464 221 1237 223 1257 217 1533
1651 -38.037479029116135 -4.5248246675247863 30.523259439311335 210 96 54 -1 223 374 222 469
1581 -31.73808225454389 28.832166656473795 50.698645811411112 131 48 27 -1 205 1795 207 1756 209 1644 210 1614 210 1693 211 1886 212 1962
1502 -19.169962587514352 21.233017031642962 39.160562208667351 254 254 215 -1 209 1029 210 965 213 1091 205 1037 207 1037 208 1071 211 646 215 1054 206 1118 212 1101 216 677
1717 -12.030174775433357 -24.550694295832784 82.979751126723215 0 0 0 -1 212 2160 211 2070
1635 -17.289651502714143 -25.109727187061495 155.01992770464105 175 73 40 -1 208 2033 210 1734 211 2077 212 2169 213 1873 216 2202 217 1605 218 1764 220 1473 223 1365 222 1345 205 1843
805 -32.109378525787307 30.103821036355271 56.813201189417391 115 39 19 -1 217 1230 218 1352
1682 -11.782625648500824 10.626986180480499 16.206070677069285 0 0 0 -1 222 1192 224 1271
1739 -20.776210347868798 -16.114576841656902 58.829844153114038 0 0 0 -1 220 672 224 883 223 637
1310 -14.222041276986269 -23.064319933767681 60.855172015312533 184 69 34 -1 218 1503 206 1718 222 1224
1736 8.072783743724262 7.436806150339085 28.185135096478799 0 0 0 -1 221 744 224 955
1731 4.9830240330427644 23.422447373265214 36.023279457952256 0 0 0 -1 220 1616 223 1499 224 1679
1707 13.963179109471064 0.40319368888062002 27.050170207479699 0 0 0 -1 217 1451 220 1384 221 1253 223 1274
1719 10.592031151578487 -4.2680488539031547 53.61398891938974 0 0 0 -1 217 1663 220 1599 221 1444 223 1484
925 6.7629946888766854 0.74584068594557629 19.516550580355101 247 112 69 -1 211 1955 212 2036 216 2082
1714 8.7645177315299421 0.21961015553605859 35.902363311639412 0 0 0 -1 217 1609 220 1542 221 1346 222 1306 223 1425
1705 14.264052345475694 -3.7864791404439089 36.444829568449215 0 0 0 -1 217 1546 220 1382 221 1252 222 1235 223 1268
1704 14.130631777460318 -4.696475716357762 39.961666060311252 0 0 0 -1 217 1544 220 1478 221 1250 222 1302 223 1368
1708 -13.578019365384302 6.0119206227703881 16.183356064450173 0 0 0 -1 222 1314 224 1544
1710 -4.8712709351483152 18.688654645341675 31.75004760333562 0 0 0 -1 217 1500 220 1427 221 1297 223 1328
1724 2.6769452996643985 1.1404037782751619 5.0119718531447504 0 0 0 -1 218 1779 221 1458 222 1389
1729 5.5806865965846288 1.6819016092509607 16.44858001363761 0 0 0 -1 205 2011 211 2087 212 2181 216 2214 217 1668 218 1774 220 1604 221 1451 222 1384 223 1490 224 1675
1669 -34.765124693536521 16.660176955339153 22.104536622820824 0 0 0 -1 208 1379 224 619
1702 6.1406522218360964 -8.49571355960137 15.81534451005219 0 0 0 -1 222 1293 223 1255 224 1524
1687 10.770169847549399 -1.847485917613751 16.868041009064846 0 0 0 -1 217 1317 224 1367
1593 -81.27550086189531 -32.654261710771536 192.62908919515397 0 0 0 -1 211 886 210 1145 212 1266 213 1270 215 1469
1660 -4.155146098700877 7.985805488755334 61.434015725191514 0 0 0 -1 217 1557 220 1491 221 1401 222 1349
1631 -47.271512630678941 10.831005150562582 19.408793810937517 0 0 0 -1 220 1400 221 1356 223 1389
1620 -1.3545075880229982 21.387305444631568 40.230741294275525 0 0 0 -1 215 1812 217 1496
1587 -188.71688020520358 -65.39408365582473 313.89425228934965 0 0 0 -1 209 848 215 894 222 447 220 395
1644 12.078959995483864 -1.5483660093223306 37.215165981431774 0 0 0 -1 205 2006 211 2083 212 2175 216 2210
1643 10.658492499991871 -2.8230333822787994 42.170432754081581 0 0 0 -1 217 1664 220 1600 221 1445 223 1485
1612 -97.78458959877166 -40.630013746409716 238.22149305390968 0 0 0 -1 205 1745 206 1834 207 1714 209 1688 210 1660 215 1767 217 1311 220 1378 221 1246 223 1180 222 1233 208 1788 213 1703 213 1798 208 1882
1629 9.0343908680785638 0.24768506619047181 36.922324306703999 0 0 0 -1 217 1609 220 1542 221 1346 223 1425
1642 10.630688838173967 -4.2768347242441935 53.60796658667212 0 0 0 -1 217 1663 220 1599 221 1444 223 1484
1627 11.502997936859982 -2.0660951879394411 36.909285615915429 0 0 0 -1 217 1551 220 1484 221 1343 223 1373
1613 15.485720874438728 -4.0296445811899613 39.708936071159592 0 0 0 -1 217 1546 220 1382 221 1252 223 1268
1611 -64.885302919757152 -41.080363265288355 206.5952830405997 0 0 0 -1 205 1842 208 1879 211 1939 212 2017 216 2064 218 1636 222 1232
1605 -39.922716846675321 -46.384688774691455 189.57897122461949 0 0 0 -1 211 1668 218 1401 222 1157 205 1602
1624 -37.431753953586473 -47.509071122153976 236.1093443232123 0 0 0 -1 205 1841 217 1538 218 1634 220 1376 221 1334 223 1362 222 1300 210 1657 208 1785
1609 12.836268783427563 -13.083367207654153 34.529884909981426 0 0 0 -1 220 1464 221 1237 223 1257
1623 -59.36243733652433 -57.577202942246466 231.30231827147443 0 0 0 -1 208 1969 210 1731 213 1867 218 1707 220 1468 221 1331 222 1299 209 1812
1625 -42.943173488332306 -43.199247008608289 224.16612527414776 0 0 0 -1 205 1932 208 1881 211 1938 212 2018 213 1870 216 2065 217 1540 218 1637 221 1336
1607 -30.776673492276938 7.0045779765174334 12.566582710976572 0 0 0 -1 221 1186 223 1090
1634 -5.5767586435287946 -22.48141801671451 31.234035816012806 0 0 0 -1 220 1580 222 1335
1063 -28.266334426595606 14.188601175127816 10.657599977053689 175 73 48 -1 218 1467 209 1469 222 1266
1632 -21.071350974230484 7.2907543839717732 5.5275425259540043 0 0 0 -1 217 1361 222 1320
1645 5.5392883416475662 1.6498096884647258 16.218201515991002 0 0 0 -1 205 2011 211 2087 212 2181 220 1604 221 1451 223 1490 222 1384
379 -3.2879979093958847 8.6119820438605252 50.99121412989242 216 102 59 -1 211 1966 212 2050 216 2094 205 1872 208 1902 213 1815 210 1674 218 1658 209 1704 215 1783
1528 -39.756793559735563 31.282986084582898 134.19160274335837 0 0 0 -1 209 1444 211 1538 212 1774 216 1820 218 1436 220 1303 214 1585 210 1480
1511 -37.5558173179747 -13.83824080426098 94.857021330140938 0 0 0 -1 207 1216 210 1149 216 1335 208 1271 205 1229 211 1283 213 1274
1459 -74.521716966502709 39.79802702932593 190.29033037246668 111 44 26 -1 206 1934 208 1987 209 1775 210 1752 211 1971 212 2125 215 1861 216 2160 217 1621 218 1727 220 1554 221 1457 223 1436 207 1810 213 1818 214 1799
1441 -73.527704880593461 42.684699529922234 167.64488722576908 112 42 26 -1 205 1768 206 1758 208 1812 209 1706 210 1582 211 1865 212 1778 213 1725 215 1702 216 1983 217 1566 218 1554 220 1501 221 1357 207 1650 223 1440 214 1744
951 -51.64067101925972 33.348360927952989 137.00092484349972 168 73 45 -1 216 1384 223 1088
863 -5.212840495844266 10.051215936221379 76.794339471390813 145 56 25 -1 217 1557 220 1491 218 1656 221 1401 223 1432 207 1723
1470 -37.186603144550219 28.401484826293295 131.83337113750636 209 110 75 -1 208 981 210 875 213 1011 207 962 216 560 211 544 212 544 217 471 218 539 220 481
1503 -29.061585659287577 30.253132945215349 52.180939816878258 0 0 0 -1 209 1039 213 1095 206 1127 207 1044 210 970 215 1059 205 1047 208 678 211 1069 212 1106 216 685
1024 -0.67219984103345709 13.659738698752635 24.235546070530834 215 97 62 -1 218 1592 223 1217
1516 -54.104232623323675 20.698097589005112 54.584312971768085 0 0 0 -1 212 1361 211 984 216 1064
1558 9.5580249650708335 0.33034522126683036 39.955177006645599 0 0 0 -1 217 1609 221 1346 223 1425 220 1542
920 -40.03725064379185 35.969244505095119 63.069326219121216 113 37 22 -1 212 1962 205 1795 211 1886 210 1614 209 1644 207 1756 210 1693
1461 -55.272092024553274 44.473193807454273 71.158249756488175 129 44 23 -1 206 1880 208 1925 209 1787 210 1763 211 1990 213 1833 215 1806 216 2120 207 1820 205 1893 212 2077
802 -3.498906040918929 15.17053934684415 57.177095320039115 254 254 221 -1 211 1343 212 1360 216 1392
1474 -26.120995152651716 27.802071607457822 54.907634794799954 0 0 0 -1 206 1681 209 1547 211 1755 212 1822 213 1538 215 1632 216 1864 207 1589 205 1667 210 1399 206 1576 208 1570
1468 -16.942953923043902 -16.109495598898643 12.132122378697648 0 0 0 -1 206 848 207 381
1469 -31.874693602237173 -22.723538775859627 95.977258696285929 0 0 0 -1 206 905 208 895 213 903 215 1216 207 856 209 835 210 792
1473 -20.674964374161096 -18.880680273305117 11.628958655350349 0 0 0 -1 206 1236 207 1166
1479 13.456580179135772 17.003538500177473 17.133856563733815 0 0 0 -1 206 1991 207 1867
1464 12.775467904060068 -5.1084300515627854 66.668386291498905 0 0 0 -1 217 1663 221 1444 223 1484 220 1599
1454 -2.4394027363567732 25.208497272265653 47.696401334993489 0 0 0 -1 217 1497 218 1590
1465 -2.9098143954561966 16.051886954527117 46.045783759155519 0 0 0 -1 206 1985 221 1459
166 -2.1914921946593879 20.477439930622719 38.314044354296016 188 69 35 -1 221 1296 223 1325 220 1339
1433 -29.525597044610922 31.481933307589866 62.357382203097728 0 0 0 -1 206 1681 209 1547 211 1755 212 1822 213 1538 215 1632 216 1864 207 1589 205 1667 210 1399 206 1576
1449 -10.233480006829199 15.316917842698652 79.705198849843342 0 0 0 -1 205 1765 206 1855 210 1677 211 1859 212 1936 213 1718 215 1785 218 1663 207 1732 208 1807 216 1816 208 1906
1467 14.576996648891237 18.748120262782102 19.350903046941404 0 0 0 -1 206 1991 207 1867
1463 29.836275294141643 -11.790652374388548 74.315323872658311 0 0 0 -1 210 1795 213 1930 218 1765 220 1540 221 1390 223 1423
1448 14.380906968676808 0.74679401953127078 30.719812738590335 0 0 0 -1 212 2035 216 2080 217 1451 221 1253
1383 -11.165756215435264 -6.4357111295485359 165.32481951584887 0 0 0 -1 205 1750 209 1602 211 1835 212 2027 216 2073 220 1482 223 1269 217 1550
1693 4.0867106034062513 -21.165349462838261 90.858199101237489 0 0 0 -1 217 1433 218 1509 220 1375 223 1262 221 1242
584 7.4915748176701129 8.7216983955618907 27.925242362788801 240 94 44 -1 205 1780 212 1947 208 1826
408 74.422401153078638 -2.1937863890789946 75.251930101152922 248 99 56 -1 217 1321 220 1285 205 1618 212 1745 216 1791 211 1517
701 14.304355044131807 17.235465441642432 26.902729743168116 253 150 87 -1 208 1715 213 1646 210 1508
1378 -33.219341739315816 -17.840686682787268 26.873972549749549 0 0 0 -1 215 853 206 1250
1385 -7.8197643882324881 4.9747585333753177 26.8566010441175 0 0 0 -1 208 1805 209 1702 215 1858 211 1854 216 1978 205 1871 216 2093
1387 -16.375153165464447 -9.5476336955803234 109.40839789387771 0 0 0 -1 205 1935 208 1972 210 1663 212 2112 215 1845 216 2069 206 1912
1330 -3.9760709680330892 -26.135161251508041 172.78799886810478 0 0 0 -1 210 1563 213 1704 220 1474 223 1366
1372 -35.260809726137957 38.190852690392632 62.143102353070468 0 0 0 -1 208 1416 209 1475 210 1413 212 1427 213 1548 215 1532 216 1454 206 1588 205 1354 211 1400
1373 8.4737515665958707 29.101991942318765 36.90241414083804 0 0 0 -1 215 1550 206 1608
1374 8.4737515665958707 29.101991942318765 36.90241414083804 0 0 0 -1 215 1551 206 1609
1349 -79.908574104774516 -37.040055218120081 122.92664189163366 0 0 0 -1 205 1837 208 1876 209 1755 210 1652 211 1933 212 2013 213 1865 215 1840 216 2059 206 1910
948 -52.632933611426381 20.057859532714726 40.803684857825743 141 43 17 -1 205 1495 208 1546 216 1398 210 1377
320 1.5970892051418624 10.904648375970327 47.842890069808561 205 102 41 -1 211 1332 212 999 205 1273
1307 -53.224467215680527 43.601942279265636 45.311418960764449 0 0 0 -1 208 1717 209 1556 210 1509 213 1555 215 1638
1261 -34.010106492123477 -18.040701628475066 28.064085310045609 0 0 0 -1 215 853 206 1250
1332 26.345804717207855 -8.0072653115361945 78.236210244890771 0 0 0 -1 217 1545 220 1479 221 1251
1228 1.9465073696243758 3.0133507611744661 95.600032414262117 0 0 0 -1 208 1977 209 1764 211 1954 212 2034 216 2148 218 1712 215 1851 213 1879
469 -100.77627526917385 58.815565142670323 230.5959545044214 94 34 17 -1 211 1865 212 1778 216 1983 221 1357 205 1768 208 1812 213 1725 210 1582 218 1554 223 1440 220 1501 217 1566 209 1706 215 1702
1083 27.522498190435005 2.1434300334367098 61.936922524211134 254 133 86 -1 209 1692 215 1772
1022 -53.872388674592621 10.999199824546887 27.315297811226227 173 72 41 -1 220 1300 221 1081 223 1189
1571 11.239579731707099 -4.5419321889152311 57.716126190447739 0 0 0 -1 217 1663 221 1444 223 1484 220 1599
462 -44.13719295920307 42.732691139477559 174.49934424103961 140 57 26 -1 211 1336 212 1600 216 1646 205 1482 217 1345 220 1306 208 1332 213 1017 218 1323 215 1497
963 -49.890393584619645 39.991588548777656 43.148279726815979 175 71 45 -1 220 1345 223 1226
298 -55.059154950333379 -12.494370836918764 46.173925889725155 194 97 42 -1 220 399 221 404 217 371 223 349
955 11.641974030391784 -19.33921433534292 43.912852252220702 254 115 68 -1 217 1418 221 1235 223 1169 220 1366
406 -60.884368201647902 -8.7072739934876733 49.665356558012412 254 254 210 -1 221 415 217 723 223 369 220 414
943 -57.041761872773748 -11.90326433798174 44.843446470755282 181 84 42 -1 217 709 220 692 221 917 223 903
400 -54.05724597725812 12.493129282031871 46.870159990401298 172 77 49 -1 220 1494 221 1350 217 1559 223 1381
899 -21.857378548389757 27.929948906192198 68.029482839530857 254 254 228 -1 205 1512 208 1369 218 1223 211 1367 212 1637 216 1684
1000 -11.611122617231487 27.398335848642922 32.305129768500677 195 93 58 -1 217 1632 220 1569 221 1371 223 1453
980 -0.33921375916687696 14.791120646388526 19.669271357245965 253 120 73 -1 217 1506 220 1432 221 1211 223 1333
309 -57.26634946665758 -10.724354652472918 45.350065567858366 197 93 62 -1 221 410 217 713
964 -41.824992669698283 44.952906988578349 41.836868949398308 156 51 21 -1 217 1386 220 1351 223 1229
1036 -14.341705138215994 22.189287725887866 108.71175697985315 144 61 24 -1 218 1663 221 1406 223 1439
865 -56.239720088552261 42.742163846275552 217.49189995466767 156 63 20 -1 205 1876 208 1908 211 1970 212 2054 216 2098 217 1562 220 1496 221 1352 218 1662
846 -65.870502409704301 57.453753040493481 85.592401263387814 171 72 41 -1 208 1928 213 1749 218 1588 212 1966 213 1838
1084 20.551978041246212 3.3453639868548892 67.926510939453451 251 114 62 -1 209 1693 215 1773
1074 -70.68752097239387 -75.710094914610551 248.6805019685774 0 0 0 -1 205 1734 210 1552 212 1894 216 1941 217 1428 220 1371 223 1256
817 -4.1158016129768678 13.349135878872945 59.199937800750213 232 109 66 -1 211 1715 212 1775 218 1437 216 1644
1223 -33.830784115420165 -31.454775544269378 102.5040364464985 0 0 0 -1 208 1635 209 1506 212 1893 213 1692 215 1664
953 -41.553790728452455 24.069375743998318 41.262668916201001 97 23 8 -1 217 1368 220 1194 221 978 223 1108
864 -56.239720088552268 42.742163846275552 217.49189995466764 156 63 20 -1 205 1875 208 1907 211 1969 212 2053 216 2097 217 1561 220 1495 221 1351 218 1661
1005 16.499564442933714 -12.107456614402853 36.526159227267158 204 75 41 -1 217 1656 220 1592 221 1435 223 1478
768 -526.81775204937674 617.26292108851521 1455.9811940058698 179 92 55 -1 208 1034 213 1053 210 922 209 983
1225 -7.2622557317237719 28.994760567536499 48.6004739143291 0 0 0 -1 208 1839 209 1655 210 1620 213 1752 215 1732
1227 -4.0521622378573241 18.030718074570082 59.235567298333144 0 0 0 -1 209 1625 210 1681 212 1944 218 1565 215 1793
1230 -45.607556273882771 38.580384246640264 187.96522135765747 0 0 0 -1 208 2046 209 1822 210 1805 213 1941 218 1775 223 1493 215 1913
1779 39.49279953926407 -0.28160091333046977 37.810936310873053 0 0 0 -1 205 1460 216 1601
670 -9.7720478371442656 -22.428476734728857 190.92279638925041 156 52 27 -1 205 2002 208 2036 211 2079 212 2171 216 2205 217 1662 220 1598 221 1442 213 1931 210 1797 218 1767 223 1482
770 -27.082138805553644 33.490555092697797 74.458006112483673 254 193 161 -1 210 1242 213 1376 218 940 209 1315 215 1340
797 -48.710390738310842 46.928831194958136 193.3345645792798 142 58 29 -1 212 1599 220 1305 221 1088 218 1322
800 -90.240978493027725 54.115123984115236 182.91905063640445 86 27 9 -1 208 1342 210 1209 211 1342 212 1358 216 1393 217 1350 218 1327 215 1499
944 -58.594778476211808 -11.504465316428021 51.418003944603278 209 106 69 -1 217 714 221 920 223 905
1231 2.2037842327553365 12.476724508140608 33.588374429415531 0 0 0 -1 215 1720 221 1196
1182 -76.315620459048532 54.113788347423679 59.442787511924237 0 0 0 -1 205 1799 208 1837 210 1506 212 1968 211 1891
1211 6.6877569399773265 2.9784468769921792 31.596330186749533 0 0 0 -1 221 1450 223 1431 217 1614 220 1548
1175 -12.693392055954927 -7.0098507627700251 186.42189931055469 0 0 0 -1 205 1750 209 1602 211 1835 212 2027 216 2073 217 1550 220 1482 223 1269
1213 -43.917117125912014 37.417207601511826 181.95056780709888 0 0 0 -1 208 2046 209 1822 210 1805 213 1941 218 1775 223 1493 215 1913
1115 1.9676777312926388 3.1880581289771124 97.457708959845448 209 95 62 -1 208 1977 211 1954 212 2034 216 2148 218 1712 209 1764 215 1851
1165 -153.34532171456229 74.701857066386012 240.14605146364755 0 0 0 -1 205 1644 208 1683 211 1721 212 1785 213 1508 216 1827 220 1173 215 1609 217 1202 210 1370
1045 -66.01115243101782 43.391255601407828 54.119884838051632 0 0 0 -1 212 1108 213 1097 209 1041 208 1410 216 1152
1120 -15.374250210541256 36.309544247562158 68.773982751516627 0 0 0 -1 208 2003 210 1816 213 1954 218 1785 209 1833
1077 -4.1096467977274793 18.80457769590069 62.004308248737878 0 0 0 -1 210 1681 212 1944 218 1565 209 1625
1052 -135.94583331849589 -113.27385947263457 333.61210452412661 0 0 0 -1 208 870 210 1112 211 833 213 879 221 895 223 891 209 1204 205 1195 212 867 220 948 217 967
1014 -46.327468564611991 39.553704075699024 192.08691232503301 136 60 21 -1 213 1941 218 1775 223 1493 208 2046 210 1805 209 1822
1033 -64.072488870274753 -3.1535177851945884 45.183017210228513 204 75 35 -1 220 1481 223 1370 217 1548
1091 10.767230600497589 -0.16829563183086685 62.886428095400618 0 0 0 -1 208 1890 210 1666 213 1877
1092 12.340394279728798 1.5608626668170986 61.425769034348562 0 0 0 -1 208 1975 213 1805
1094 6.413908731740297 3.7334811121791232 33.209221722290884 0 0 0 -1 208 1981 213 1886
29 4.9177651787451433 4.8754867795673533 89.416419363804039 177 66 33 -1 212 2037 211 2019 205 1936 208 1892 213 1880 210 1741 218 1713 209 1765
877 12.157443749889842 6.558205137276218 64.015394918787578 234 102 58 -1 205 1942 211 2024 212 2119 216 2152
1093 2.0707243684153704 3.2132706209511124 97.236474774323 0 0 0 -1 208 1977 211 1954 212 2034 216 2148 218 1712 209 1764
989 14.927088228833661 -0.50778637892461742 88.483457281013855 0 0 0 -1 211 1948 216 2076 212 2028 209 1761
848 -7.8263069850794542 31.420895779536465 53.273196085435984 219 107 68 -1 208 1839 210 1620 213 1752 209 1655
1334 -10.933129226560439 -6.3035573837702277 161.93476737002845 0 0 0 -1 205 1750 209 1602 211 1835 212 2027 216 2073 220 1482 223 1269 206 1841 217 1550
225 4.92512354704398 4.8568348391270613 89.439853221580421 179 70 42 -1 211 2020 212 2038 216 2083 205 1937 208 1893 213 1881 210 1742 218 1714 209 1766
1101 15.386210625948312 -5.8185717248190789 91.390549677910698 0 0 0 -1 205 2003 208 2037 210 1798 211 2080 212 2172 213 1932 216 2206 209 1818
934 -57.776776461174599 -11.809291120639973 67.891859596633381 146 104 93 -1 210 815 209 853 213 931
1095 6.1586967826389509 10.537761112030699 69.837456308367337 0 0 0 -1 205 1868 208 1900 210 1750 211 1962 212 2046 213 1891 216 2090 209 1771
1104 37.664933036760097 23.055656415596555 40.342540949859554 0 0 0 -1 210 1761 209 1830
1073 -25.378755201776872 -41.032821103846643 113.392544351837 0 0 0 -1 212 1888 213 1690 216 1932 209 1585 208 1773 211 1813
1053 -26.477305207376794 34.233168767175641 83.522545687215896 0 0 0 -1 208 1370 210 1233 213 1364 218 1224 209 1303
1088 11.880391526906994 -17.874780135711084 37.391776120502207 0 0 0 -1 210 1722 213 1856
1106 -16.193171705488897 38.403083432238873 72.98701119418827 0 0 0 -1 208 2003 210 1816 213 1954 218 1785 209 1833
803 -34.357217722885395 36.659399661050891 73.299435701204317 183 78 49 -1 205 1667 212 1822 216 1864 211 1755 210 1399 208 1570 213 1538 209 1547
1086 -89.633610484858224 46.318416670667268 260.99578885164021 0 0 0 -1 205 1871 211 1965 212 2049 213 1814 216 2093 218 1657 209 1702 211 1854 216 1978
1043 -70.349526542607066 36.953713369391807 54.113774576221225 0 0 0 -1 213 1064 216 1102 209 995 205 997 211 1026
454 22.417350139649614 -12.286809717334378 73.1272483786545 0 0 0 -1 211 2076 212 2168 216 2201 205 1999
995 21.976082382600108 -6.0005428189018577 77.247230563477274 0 0 0 -1 220 1541 221 1391 223 1424
1565 -18.108129077678125 -27.331825373953052 60.229838934098723 0 0 0 -1 205 1924 208 1959 211 1924 213 1784
456 15.186892179451261 -4.9484399137484809 88.381841933922274 0 0 0 -1 211 2080 212 2172 216 2206 205 2003
997 1.6828954213700347 2.9673221783792041 96.269406300568491 0 0 0 -1 208 1977 211 1954 212 2034 216 2148 218 1712
1564 -27.299829539611437 -20.357342920803269 29.585911168674837 0 0 0 -1 206 1901 207 1775
455 28.721707911965169 -10.787515031987786 76.872592231309284 0 0 0 -1 211 2018 212 2111 216 2204 205 2001
996 12.323891745812453 0.77700944804794769 56.575489618482436 0 0 0 -1 208 1975 213 1805 217 1609 220 1542 221 1346
458 18.353656438492166 -1.2191876725821134 61.073795126041944 0 0 0 -1 211 2083 212 2175 216 2210 205 2006
17 7.2098627438227734 8.2238433611715163 27.276672543911459 229 84 41 -1 212 1947 205 1780
1365 14.515231435996998 -5.593703032275779 76.721929896810167 0 0 0 -1 217 1663 220 1599 221 1444 223 1484
256 7.7860891005457731 4.1866032419103272 37.103193101303312 228 98 55 -1 212 2119 216 2152 211 2024
277 70.972398057599477 11.828632664034686 48.158426978108068 240 91 57 -1 220 1394 216 1977 217 1334
275 -0.77938319223288977 -10.688600733914619 168.38055290207259 180 83 52 -1 211 1834 212 1909 220 1381 216 1955
816 55.263419794261516 9.3945969318530462 35.224192633060561 0 0 0 -1 211 1853 216 1977 218 1428
1352 15.281319742235409 -2.435085096545305 51.602636956651828 0 0 0 -1 217 1551 220 1484 221 1343 223 1373
243 18.325219776126779 -15.773009319705654 75.565474790571926 248 110 63 -1 212 2166 216 2199 211 2075
376 64.016669328597501 -5.1736642848590231 64.860390413922502 0 0 0 -1 211 1944 212 2024 216 2070
373 -85.388335701518756 -87.238006691147191 272.8514482395679 0 0 0 -1 211 1929 216 2053 220 1462 217 1531 212 2010
914 -37.843767015232345 34.074386871345595 177.51779848112417 0 0 0 -1 208 1675 216 1815 217 1462 220 1299 218 1431
375 -49.617723443171798 -27.143635929809118 311.516658989836 0 0 0 -1 211 1943 212 2112 216 2069 220 1477 221 1337 217 1543
916 16.679365639462201 -5.5400894141752337 53.706960884353677 0 0 0 -1 211 1942 212 2023 216 2068 205 1847
1222 -33.155835882863308 35.130166173522774 69.73043390157585 0 0 0 -1 205 1667 209 1547 210 1399 211 1755 212 1822 213 1538 216 1864 215 1632 208 1570
113 4.0448046407703657 1.6589702572942007 7.3272439225461579 253 99 48 -1 212 1587 216 1628
1763 -3.0525913984951849 22.339975369277401 23.478357975200652 0 0 0 -1 220 905 217 626 223 1029
654 6.1095951227832277 5.3676983159172451 33.078986916754658 0 0 0 -1 205 2013 211 2088 212 2182 216 2215
249 2.3155678911281155 0.99223528502385128 3.898011674574267 254 135 83 -1 212 1591 216 1381
179 8.7469503675889246 2.9718224958919661 21.017153514738347 254 120 75 -1 220 1393 217 1460
720 -41.55523463949136 -32.534104949235562 49.549491330680759 0 0 0 -1 217 1524 220 1456
1335 29.217244029708453 2.0748126778353226 64.732909112226636 0 0 0 -1 205 1858 208 1891 209 1692 210 1668 213 1806 215 1772 217 1451 220 1384 221 1253 223 1274 206 1842
226 76.371243887697759 5.9109187494424216 70.233451787137184 254 146 84 -1 211 2021 220 1545 216 2149 212 2116
380 -67.592227017330401 52.149545085034987 264.86475952546527 0 0 0 -1 211 1969 212 2053 216 2097 220 1495 221 1351 217 1561
1232 -48.926370182951977 34.86171814066639 39.432538552590188 0 0 0 -1 208 1837 210 1506
123 22.362016223434718 -15.492064688126856 66.74144475581204 231 89 46 -1 212 1535 216 1572 211 1667
382 -188.39961465141076 93.279138159255567 268.46182325305449 0 0 0 -1 211 1976 212 2061 216 2102 220 1561 221 1411 217 1571
1234 25.429528857626615 -10.484560088886049 63.79541242114432 0 0 0 -1 215 1902 221 1389
125 18.713169117978882 -12.162463403185271 68.855632818945921 240 106 63 -1 212 1545 216 1587 211 1674
1775 0.30272347697019292 6.330330548673925 28.365754620466333 0 0 0 -1 208 1679 210 1360 212 1594 219 1093 205 1640 211 1536 216 1639
666 1.8659788177193397 3.3551152892366511 100.10694562139037 0 0 0 -1 208 1977 211 1954 212 2034 216 2148 213 1879
301 -75.245989690751671 -6.9820180408245838 63.904347445451599 0 0 0 -1 220 421 217 406
1153 -35.998138519177765 33.791536853410747 61.728478293711575 0 0 0 -1 205 1339 211 1590 212 1650 213 1390 216 1446 215 1524
44 12.794850566988295 -4.3412292413307574 73.945174960396201 203 73 42 -1 212 2172 216 2206 211 2080
1694 -2.9765317574941585 7.9509333410846512 69.930763484864286 0 0 0 -1 217 1330 218 1427 221 1258 222 1241 223 1279
585 6.490484332743585 3.44189970635099 31.774130281282002 0 0 0 -1 211 2024 212 2119 216 2152
194 -5.1384283472002465 -28.817630867878496 40.198934753445975 254 167 103 -1 211 1998 212 2090
735 13.726383183759749 -5.2027868561680384 82.131490649905899 0 0 0 -1 205 2003 208 2037 211 2080 212 2172 213 1932 216 2206 210 1798
47 9.505728831009078 4.1127609988074205 33.500345841511098 250 113 63 -1 212 2181 216 2214 211 2087
299 -72.831032602698158 -8.0111573276987436 61.825631829751806 0 0 0 -1 221 419 217 402
42 20.376772032287377 -11.518281679018989 66.474813523809672 219 77 44 -1 212 2168 216 2201 211 2076
1692 -20.553586428051023 -37.406640613545548 113.08762861393765 0 0 0 -1 218 1626 222 1228 217 1424 220 1369
583 -80.20184002278522 53.120885095204834 199.96642023534099 178 77 45 -1 205 1771 211 1868 212 1783 216 1985 217 1469 220 1403 208 1815 213 1612
1389 -18.828659496766754 -17.623388447230774 13.960372982192178 0 0 0 -1 206 848 207 381
280 10.437396040027135 0.062673145586195619 58.487421137049978 0 0 0 -1 212 2028 216 2076 211 1948
23 16.740574365007117 -4.8258108325991778 53.999624643580951 247 109 67 -1 212 2023 216 2068 211 1942
564 20.74022177835722 -18.395543963880208 86.626070358246736 0 0 0 -1 205 1997 211 2075 212 2166 216 2199 208 2031
286 31.77861850776975 -12.177488997063811 48.971278325619153 0 0 0 -1 212 2164 216 2198
296 36.070721674885 30.652154085984215 74.178145751851602 0 0 0 -1 212 1638 216 1853 211 1747
404 -63.747477625550047 -7.0662160604798165 54.246991787703827 254 206 158 -1 221 420 217 403
945 -62.883465713564881 -8.6055755298132919 54.706167168524978 0 0 0 -1 217 987 220 969 223 910
1256 -37.830962565608949 37.157468032101953 35.885834978755121 0 0 0 -1 208 764 213 1172 209 1121
147 0.030309348103340517 -28.167925717762948 44.700150863327849 254 166 96 -1 211 1653 216 1746 212 1701
13 9.1389585456637974 -2.7806163371149264 99.320433600565323 210 105 69 -1 221 1341 220 1483 217 1446
270 6.2820109307347449 10.317992624737863 28.231320662410706 0 0 0 -1 220 1185 216 1848 211 1580
811 17.310977707261539 -11.806826463372552 53.40854635863365 0 0 0 -1 205 1606 211 1669 212 1724 216 1771 218 1405
302 -59.58458599944916 46.436908942699937 213.75069634971692 0 0 0 -1 212 544 216 560 220 481 217 471
843 -153.70820300092839 71.270508179067562 197.53374956889962 0 0 0 -1 208 1820 210 1591 211 1725 213 1733 216 1829 217 1351 220 1409 218 1560
45 19.188324015839008 -3.2032119526688883 84.74436270435173 237 112 64 -1 221 1445 220 1600
586 19.946996956860072 -17.466598283249454 82.178166694052408 0 0 0 -1 205 1997 211 2075 212 2166 216 2199 208 2031
12 24.158030737255352 -4.7101922785415073 70.330096773819449 217 80 44 -1 212 1907 220 1382
1662 -8.2906857180395779 13.627783614229076 66.380131808736863 0 0 0 -1 221 1406 223 1439 224 1606 220 1399 217 1465
553 12.202575291547406 1.7132820511580273 60.362039983239072 0 0 0 -1 205 1855 211 1951 212 2032 216 2079 208 1975
28 11.121445129784234 2.048378831720687 36.610404133400152 253 114 69 -1 212 2036 216 2082 211 1955
569 18.219411736951471 -3.5480122052538263 85.939098444060519 0 0 0 -1 205 2005 211 2082 212 2174 216 2208 208 2038
285 42.895150853823232 -15.525924012521532 67.095244334701405 0 0 0 -1 211 2073 212 2163 216 2197
255 -71.449279034858861 71.139665148760812 119.28097570112236 178 81 51 -1 211 1992 216 2122 212 2079
1324 -43.192941321518276 47.574560258521423 42.712793538054839 0 0 0 -1 209 1560 210 1624 213 1763 215 1738
215 -91.868246623631165 54.151696783724539 74.755686912070644 192 86 58 -1 212 1961 216 2007
756 19.253110488447234 -12.669955803435919 83.404798771020452 0 0 0 -1 205 2000 208 2034 211 2078 212 2170 216 2203 210 1794
1380 -109.69080347013178 53.071328685887458 170.51824775790897 125 56 37 -1 205 1644 208 1683 211 1721 212 1785 213 1508 215 1609 216 1827 217 1202 220 1173 206 1662 210 1370 214 1594
271 -21.319578494322386 -57.717258358788783 65.256690716984309 0 0 0 -1 211 1792 212 1865 216 1908
184 -105.5682844808976 41.32467282157684 76.790333136646439 170 61 31 -1 212 1795 216 1835 211 1729
1834 -59.244769774426999 30.115541806250668 137.51353354794102 0 0 0 -1 215 1699 222 1168 205 1767 206 1753 207 1647 208 1809 210 1577 213 1719 214 1677 218 1551
725 12.520081850341258 1.4469123827766501 63.095057019946395 0 0 0 -1 205 1855 208 1975 211 1951 212 2032 213 1805 216 2079 210 1739
182 -117.94636727516288 79.165988366691295 298.58913992612696 163 72 48 -1 211 1868 212 1783 220 1403 216 1985
1832 7.2043972417619724 10.008674199654653 10.473290071221655 0 0 0 -1 219 1563 222 1397
723 -117.0030068810093 -63.829047935873703 320.48470318618541 0 0 0 -1 205 1931 208 1971 211 2017 212 2110 213 1869 217 1539 221 1335 210 1733
372 -41.03156276346413 -31.473890157437978 49.527307606528019 0 0 0 -1 220 1456 217 1524
913 -38.764528027338599 35.036712570825181 182.14492350126613 0 0 0 -1 208 1674 210 1478 211 1710 212 1768 216 1814 217 1461 220 1298 218 1430
1224 -11.29951094177207 -6.7136016592111298 163.0082747379011 0 0 0 -1 209 1602 217 1550 220 1482 223 1269 205 1750 212 2027 216 2073 211 1835
115 -23.56765616105136 53.737578796862834 111.31234192645934 178 72 42 -1 212 1414 216 1449 211 1395
161 -99.066131123805818 19.993384858583745 79.773522443299782 201 93 59 -1 212 1930 216 1975
232 -258.55229303028341 128.94202685521671 368.67548011540356 107 48 33 -1 211 1976 212 2061 220 1561 216 2102
773 -53.088337218823426 48.602825675477916 88.286303918056632 0 0 0 -1 213 1390 218 970 205 1339 212 1650 211 1590
1396 -47.189447120703868 36.084973470178063 167.09839001845214 0 0 0 -1 208 981 210 875 213 1011 207 962 216 560 211 544 212 544 217 471 218 539 220 481
287 32.483788282042177 -11.606782841558417 86.311240031303328 0 0 0 -1 212 2111 216 2204
290 26.532714818027319 -5.1072918952750657 83.464564376176526 0 0 0 -1 212 1560 216 1778
33 -120.12896961633375 78.786500002549133 351.49545618134118 176 84 54 -1 212 2055 221 1405 211 2032 220 1557 216 2163
1683 -11.782625648500824 10.626986180480499 16.206070677069285 0 0 0 -1 222 1193 224 1272
574 10.501808653891754 -29.563819677485949 60.862557370239088 0 0 0 -1 205 1824 211 1918 212 1996 216 2036 208 1866
25 10.743556849197512 1.4529456632963231 51.286762191919379 227 99 56 -1 212 2032 216 2079 211 1951
1675 -61.587539901166913 10.146936149073849 100.36912214876939 147 103 94 -1 216 1361 211 1310 212 965 205 1252 206 1320 207 1455 215 1482 214 1461 208 1301 213 1301 210 854
566 29.279774128784229 -11.431974109722114 78.520422857549718 0 0 0 -1 205 2001 211 2018 212 2111 216 2204 208 2035
282 39.270321628642009 -31.477909107427607 38.88236466473802 0 0 0 -1 211 2000 216 2134
268 -59.101134740013343 55.178090202821444 287.39264454599947 0 0 0 -1 220 1299 216 1815
809 10.644990950797133 -15.998596068808817 61.868622834218392 0 0 0 -1 210 1460 217 1156
36 21.41684822259392 -4.6741789057222123 77.414836555186483 218 80 42 -1 221 1391 220 1541
266 26.249669681060038 -5.0116421335040666 82.926442123958424 0 0 0 -1 212 1560 216 1778
807 -34.518953864402867 -43.773581806394915 104.09928188580214 0 0 0 -1 211 1811 212 1714 213 1689 216 1759 208 1632
1133 -40.330292022686557 39.483861026008086 37.972110795598205 0 0 0 -1 208 765 209 1122 213 1173 215 1136
24 14.291772620372141 -1.5839510923705387 53.220136670829419 223 83 44 -1 212 2026 216 2072 211 1946
565 25.269468071624921 -14.655363473061227 83.225951446456079 0 0 0 -1 205 1999 211 2076 212 2168 216 2201 208 2032
281 92.527536322255855 28.426069848476089 89.171627445467223 0 0 0 -1 211 2036 220 1401 216 2100
1392 -104.45780402317943 -17.617833347610919 98.583259205263076 0 0 0 -1 221 918 207 492
283 -190.62280669731453 104.49813275283273 493.33453051669483 0 0 0 -1 211 1971 212 2125 220 1554 216 2160
824 -2.9194238832093897 29.122201382127169 37.974333135110605 198 75 34 -1 221 1213 223 1228
95 2.9182487139270625 -33.573284136482499 58.840330851911496 254 151 84 -1 211 1477 216 1549
396 -64.477079753739204 -12.026713175064033 58.404131795141041 0 0 0 -1 221 920 217 714
139 -93.705379440737147 46.911912621810245 80.206938683227364 141 40 15 -1 211 1743 216 1849
680 13.352382375592155 22.201104198599406 28.020552967991492 222 129 75 -1 205 1120 211 1139 216 791
251 2.008240357714568 -37.584901097088668 50.812578207474601 254 190 117 -1 211 1794 216 1913
792 16.472718759709885 -11.156429163851239 60.123642969502654 0 0 0 -1 205 1453 212 1545 216 1587 218 1292 211 1674
193 -9.0518225399437089 -40.16280335229176 50.848547025645118 254 151 87 -1 211 1911 216 2030
159 16.163871179141129 3.8889579814148925 38.262183107649861 253 117 72 -1 212 1921 220 1292
108 -77.641666656452713 59.689478024879634 73.054150557975021 136 39 14 -1 212 1432 220 861
1758 -13.927518191482424 8.9015108355639114 68.475378097089035 144 91 73 -1 212 518 219 198 218 516 216 540
649 20.865210910543247 -13.773086827615218 92.118200843409198 0 0 0 -1 205 2000 208 2034 211 2078 212 2170 216 2203 213 1929
214 34.715918395333489 21.320128640716653 40.879169040892037 254 131 80 -1 212 2071 220 1514
755 -87.490527688045105 47.396818772797936 224.72967153502603 0 0 0 -1 208 1987 211 1971 212 2125 213 1818 216 2160 217 1621 220 1554 210 1752
213 34.715918395333489 21.320128640716653 40.879169040892037 254 131 80 -1 212 2070 220 1513
433 -43.377543889132809 52.016232872563236 66.382947382152196 0 0 0 -1 211 1773 212 1846 205 1687
974 8.3653338922949061 2.4013645900284959 18.853070697392116 0 0 0 -1 217 1460 220 1393 223 1286
176 19.152881968491389 2.0259706385368554 42.902163610850671 250 115 73 -1 212 2035 221 1253 220 1384
717 11.082370940729778 -0.28697698952479905 65.52915431040789 0 0 0 -1 208 1890 211 1948 212 2028 213 1877 216 2076 210 1666
250 63.094228204004068 24.739165799334941 65.900584452144159 254 122 73 -1 212 1794 220 1178
791 11.404922030607645 -14.870849687565986 62.602099376112001 0 0 0 -1 212 1534 218 1287 205 1439
279 7.6726269511806828 -1.2249104905966495 117.48823581810935 0 0 0 -1 221 1392 216 2074
820 -1.773902578441366 17.266943342407384 38.866963501926321 0 0 0 -1 210 1498 213 1636
134 63.868301102751907 23.956868010683909 63.782954009007767 241 98 48 -1 212 1614 220 1176
675 -58.366683814354474 44.93116745877029 206.56868690110514 0 0 0 -1 213 1011 210 875 208 981 211 544 216 560 212 544 217 471 220 481
392 -84.898758600916096 55.395932441642962 247.03600818462704 0 0 0 -1 211 2032 212 2055 216 2163 220 1557 221 1405 217 1624
135 63.868301102751907 23.956868010683909 63.782954009007767 241 98 48 -1 212 1615 220 1177
132 -90.756880077933559 26.525242087306705 73.450869806385825 195 88 56 -1 211 1712 220 1171 216 1637
457 16.216811247083886 -2.7119479894618017 74.861010285826978 0 0 0 -1 211 2082 212 2174 216 2208 205 2005
998 -104.32183481500394 56.162007877072149 266.50748609167397 0 0 0 -1 208 1987 210 1752 211 1971 212 2125 213 1818 216 2160 218 1727 220 1554 223 1436 217 1621
1309 -27.438617885015066 -31.470709478932203 63.629074716606581 0 0 0 -1 212 1711 210 1454 205 1588 211 1487 216 1562
200 -121.34381809466251 -126.92923055249014 397.04071490833564 0 0 0 -1 211 1929 221 1385 220 1462 212 2010
300 -72.831032602698158 -8.0111573276987436 61.825631829751806 0 0 0 -1 221 420 217 403
43 -16.546398787982355 -36.994088537831537 333.65336693864793 154 57 31 -1 212 2171 221 1442 211 2079 220 1598
247 -68.558946893410663 12.900786643091697 57.131369346869846 0 0 0 -1 221 452 220 465
32 -86.954579363783481 67.203028465595409 342.57207376046915 158 62 18 -1 212 2054 221 1352 211 1970 220 1496
1397 -3.2859221086309351 19.338193517272575 72.662626795336891 0 0 0 -1 206 1056 209 613 210 543 215 628 207 974
288 -11.431580409324747 -25.495795586500858 225.83865828550677 155 58 33 -1 211 2079 212 2171 220 1598 221 1442 216 2205 217 1662
31 -86.954579363783481 67.203028465595409 342.57207376046915 158 62 18 -1 212 2053 221 1351 211 1969 220 1495
1362 18.576876807787809 -10.837102283460291 56.011813945433623 0 0 0 -1 220 1539 221 1441 223 1422 217 1606
253 -49.649425617252135 -38.686219627293305 63.575916593517292 0 0 0 -1 221 1321 220 1456
794 -83.484290026922324 -1.4742603669130565 73.457345191166269 0 0 0 -1 205 1458 211 1515 212 1744 216 1790 218 1298
1529 -39.617937651185564 34.972590077766796 136.33656391359895 0 0 0 -1 206 1659 208 1535 210 1367 212 1603 213 1505 217 1346 220 1307 214 1590
420 -57.768453118149296 57.281243701806375 232.39463841445686 0 0 0 -1 211 1336 212 1600 216 1646 205 1482 217 1345 220 1306
961 -44.79016715352504 24.952096490376906 19.682858409997795 0 0 0 -1 220 1341 223 1219
163 -68.930053628920888 68.14956568822538 280.02579313982397 0 0 0 -1 212 1599 221 1088 220 1305
175 -0.29416032897452626 -14.221258853312397 237.14196678709894 0 0 0 -1 211 1834 212 1909 220 1381
1825 31.668279688602905 -0.083702634121424271 30.550341128914095 0 0 0 -1 205 1460 216 1601
716 17.084735070804676 -2.28837744798594 65.922011039654819 0 0 0 -1 205 1850 208 1887 211 1946 212 2026 213 1803 216 2072 210 1664
1363 -60.252554925863997 -33.249575240199462 166.75503653369606 0 0 0 -1 208 1971 209 1814 210 1733 212 2110 213 1869 215 1901 218 1708 206 1964
254 -56.451326389209314 -31.383569385754647 362.61465504787373 0 0 0 -1 211 1943 221 1337 220 1477
252 -22.258378199178431 -38.640728525154621 69.618770788184435 0 0 0 -1 221 1154 220 1256
793 -83.484290026922324 -1.4742603669130565 73.457345191166269 0 0 0 -1 205 1457 211 1514 212 1743 216 1789 218 1297
248 -58.481010268255609 32.78991472923768 60.644989932210478 0 0 0 -1 221 765 220 813
295 31.643983671642264 -12.122643633211373 48.939565296204535 0 0 0 -1 212 2163 216 2197 211 2073
836 19.676203810233506 -4.6912425893997565 58.259334090908574 0 0 0 -1 208 1792 211 1833 212 1907 213 1801 216 1954
38 -136.45686312933688 74.774993192915659 356.08512367953682 102 42 26 -1 212 2125 211 1971 220 1554
1688 -73.357018728052807 37.201903986813413 168.99188739677814 0 0 0 -1 211 1322 221 1082 223 1083 212 1332
579 52.594872611684046 -3.5761535705019107 65.408895753447993 254 110 45 -1 220 1151 218 1420
1207 28.417424070676859 -11.662493024887834 71.397076501402793 0 0 0 -1 221 1389 215 1902
98 1.5733930895343258 -46.538803792996639 219.43401453642463 0 0 0 -1 212 890 220 680
1748 -21.368273182962721 15.637000653073407 120.61818768378741 0 0 0 -1 206 1926 207 1850 217 1615 218 1719
639 10.181221475072137 1.9398255156719104 34.207217089963443 0 0 0 -1 211 1955 212 2036 216 2082
169 -4.0111202239818811 25.718095882124334 33.473291572987272 0 0 0 -1 221 1213 220 1348
171 -8.0314171894061559 31.842741278320304 38.731079676721421 0 0 0 -1 221 1219 220 1352
448 -186.2384399555807 92.267376055003695 265.35169635194569 0 0 0 -1 211 1976 212 2061 216 2102 217 1571 220 1561 221 1411 205 1883
191 -4.2199551750026405 24.703467644655579 34.294396748248836 0 0 0 -1 221 1302 220 1431
217 -32.111216063741232 -37.949760148939426 61.382575728391593 0 0 0 -1 221 1320 220 1527
1456 10.64808553084473 0.46234803691863602 45.41789292823173 0 0 0 -1 217 1609 221 1346 223 1425 220 1542
347 -4.1622606434206055 -9.5761388801049137 165.20215937865717 0 0 0 -1 212 1734 217 1316
888 38.974475356063216 -15.977271771123792 58.392696058571111 0 0 0 -1 208 2030 212 2163 205 1995 211 2073 216 2197
1199 2.0663994237407008 3.1918407618949045 95.882059092672748 0 0 0 -1 213 1879 223 1426
90 -72.633786873790001 -21.950540146096394 70.026571770951179 0 0 0 -1 221 142 220 383
210 -63.740996383921967 14.516006344273437 54.929898578675086 0 0 0 -1 221 1350 220 1494
751 16.516304364857525 -4.4236723847845472 63.845583875414391 0 0 0 -1 208 1973 212 2113 213 1874 210 1735
83 -299.59371030014159 -121.5972718187695 731.90873311204018 150 72 50 -1 212 1904 221 1246 211 1828 220 1378
446 23.439916115411865 2.3177496900640771 55.795849496368369 0 0 0 -1 211 1952 212 2035 216 2080 205 1858
987 -63.999849320171883 -3.4472293269994143 43.628242549841794 0 0 0 -1 220 1481 223 1370 217 1548
189 -1.888746522261409 23.809964918474272 34.387620969800274 0 0 0 -1 221 1370 220 1429
730 -0.60756474968127283 -28.936454625374797 70.186673115776586 207 70 32 -1 205 1927 208 2023 211 2010 212 2004 210 1782 208 1961 216 2141
62 -167.10634894503835 -84.436596764650375 530.53561116727838 111 37 19 -1 221 1247 211 1829
1712 11.384578918190378 -2.0565989652220256 36.585598542270112 0 0 0 -1 217 1551 220 1484 221 1343 222 1304 223 1373
603 4.3428716747423151 23.180396545897228 28.611835774208735 0 0 0 -1 208 1459 213 1441
1327 -23.363273996489045 27.0296296766194 22.765631105486051 191 83 47 -1 208 1736 209 1665
218 -31.913812360930113 -44.068422880433793 76.080843270718233 0 0 0 -1 221 1381 220 1528
348 79.249776382769184 -2.2732659437983944 83.358606092927872 0 0 0 -1 212 1745 216 1791 217 1321 211 1517
889 31.36534770134045 -12.259204059910388 46.592446212181272 0 0 0 -1 212 2164 220 1596 218 1761
91 -617.79811586829248 -216.75669321848167 1031.0635530772436 0 0 0 -1 212 421 220 394
1328 -63.198926451798911 -42.709066763963314 128.21710302915216 0 0 0 -1 211 1930 213 1791 215 1758 216 2054 206 1822
219 15.428033613612566 -28.166721913553264 62.041452383322174 0 0 0 -1 221 1383 220 1530
92 -69.560848758202383 -15.431378759075709 58.903341530711863 0 0 0 -1 221 404 220 399
633 23.561238546215513 -7.5413315719327914 77.698716247317734 0 0 0 -1 205 1847 208 1884 211 1942 212 2023 216 2068 213 1800
1274 -34.421746745339547 35.306822951629755 69.829348876027169 0 0 0 -1 215 1044 217 859
165 -4.2064125486059547 21.746119063793074 40.336402953868529 0 0 0 -1 221 1295 220 1338
224 26.849982462679971 -22.464816950756596 61.74090108912651 0 0 0 -1 221 1388 220 1536
97 -74.045184436228439 -22.960854205858233 70.208185181392594 0 0 0 -1 221 383 220 677
1747 -50.911154886691385 14.487097688703868 146.26762248061911 82 40 27 -1 205 1862 206 1923 207 1802 208 1896 209 1697 210 1744 211 1960 212 2042 213 1883 215 1777 216 2088 218 1654 214 1734 222 1239 217 1556
638 24.349383003298115 2.0401927946723974 57.534804607131051 0 0 0 -1 205 1858 211 1952 212 2035 208 1891 216 2080
435 -1.1698742556901069 29.756929030809609 41.942431387600188 0 0 0 -1 211 1617 212 1850 216 1884 205 1692
976 -42.188036108819546 38.078224092235871 197.36566762078959 0 0 0 -1 208 1674 211 1710 212 1768 217 1461 218 1430 223 1290 210 1478 216 1814
178 -72.891780214217235 11.696203487906617 63.863304249297762 0 0 0 -1 221 1259 220 1388
51 -210.12500506318688 -199.57996914825515 708.89518507694527 125 44 16 -1 221 1049 211 1252
237 -23.206532082621855 -40.088488635469417 74.891740456246808 0 0 0 -1 221 1426 220 1584
1219 -35.52048422299859 32.312611519748451 168.73007227546876 0 0 0 -1 208 1675 216 1815 217 1462 218 1431 220 1299 215 1603
110 -63.76247476598931 -13.785130037918417 57.638681067467736 0 0 0 -1 221 918 220 964
651 14.177418872482027 -5.1421450894768146 84.377773299206495 0 0 0 -1 205 2003 208 2037 211 2080 212 2172 216 2206 213 1932
381 -67.592227017330401 52.149545085034987 264.86475952546527 0 0 0 -1 211 1970 212 2054 216 2098 220 1496 221 1352 217 1562
922 -1.5814196522990394 -38.679984354409555 92.25546503793575 0 0 0 -1 212 2004 216 2141 218 1620 205 1927 211 2010
1233 1.2028156453644483 15.750134916406029 37.055578481512569 0 0 0 -1 215 1801 221 1285
124 -67.087873443588649 -14.731896075807985 54.506462693438827 0 0 0 -1 221 1175 220 1139
1774 14.815363702175159 4.3953016510569842 15.678265372446779 0 0 0 -1 212 1596 216 1640
665 21.849334724574693 1.8585448627964687 51.544083565232903 0 0 0 -1 205 1858 208 1891 211 1952 212 2035 216 2080
242 -64.996007951275402 -23.745892753561886 59.668088743776899 0 0 0 -1 221 1433 220 1591
216 -71.720937668025201 68.3146050909004 114.22001913759109 0 0 0 -1 211 1992 212 2079 220 1517
1455 -31.893464776423212 -18.561143379398764 204.8440264196206 0 0 0 -1 208 1972 210 1663 211 1943 212 2112 216 2069 218 1709 221 1337 205 1935 217 1543 220 1477 223 1367
346 -124.44692548904577 -39.642701372647537 298.78984462257216 0 0 0 -1 216 1776 220 1147 217 1312
1198 11.02392456146938 0.6249541511536113 48.906759170224831 0 0 0 -1 221 1346 223 1425 217 1609 220 1542
89 -39.447921570733079 -82.039180142968462 337.29005427828065 0 0 0 -1 211 421 220 374 212 392
403 -63.747477625550047 -7.0662160604798165 54.246991787703827 254 206 158 -1 221 419 217 402
1255 16.733263147812238 65.57114816869651 88.681250859839921 0 0 0 -1 221 826 206 1195
146 1.1585697741871335 -41.95366405119676 52.628075210793888 0 0 0 -1 211 1794 220 1246
235 -15.809130286066591 35.308225608607735 42.231049554085203 0 0 0 -1 221 1371 220 1569
58 -18.195572048308478 -50.164607802050028 152.65402944349302 0 0 0 -1 212 1889 211 1814
1166 -66.0873430572139 27.49759903291983 66.055140919995097 0 0 0 -1 205 1493 210 1487 211 1559 215 1614
57 5.0311987038284691 38.475855412267848 62.738502527902675 0 0 0 -1 212 1843 211 1772
445 12.065193294502393 1.8659810261339271 58.326843484471794 0 0 0 -1 211 1951 212 2032 216 2079 205 1855
986 19.471560840766927 -6.5603732729772029 63.022395404996821 0 0 0 -1 205 1847 211 1942 216 2068 212 2023
188 -10.407693137945147 26.007016397388163 41.597820230785743 0 0 0 -1 221 1300 220 1428
61 -111.98934278957768 -46.059678948432158 284.44554680299495 0 0 0 -1 212 1904 211 1828
1179 2.2485661372138819 11.95536074841198 32.57030111643008 0 0 0 -1 209 1634 221 1196
70 27.100522559401533 -29.419876450133124 66.177963764439852 0 0 0 -1 212 2002 211 1923
611 -65.404579799130701 53.299104921217236 57.534374318850141 0 0 0 -1 208 1717 217 1244
443 21.835607325153671 -6.3084584848363763 71.331298513246395 0 0 0 -1 211 1942 212 2023 216 2068 205 1847
984 -4.3196574289301939 -28.190061091004395 189.16445072972601 0 0 0 -1 208 1789 210 1563 212 1905 216 1951 218 1518 220 1474 223 1366 211 1830 213 1704
1295 -93.323130206478169 -42.101369004896867 145.80419141493968 0 0 0 -1 212 1533 206 1630 205 1201 211 1255 213 1256
186 -2.9402354351383195 20.903548683890282 40.672906754116553 0 0 0 -1 221 1294 220 1424
1168 -18.413711751355372 21.9201724001176 61.415110172988349 0 0 0 -1 208 1701 209 1629 212 1628 213 1625 215 1620
59 17.64684493683087 -32.165424832727126 102.35287136860056 0 0 0 -1 212 1890 211 1815
600 -4.919347753758391 0.061126868197209493 10.589862126269036 0 0 0 -1 205 1234 211 1290 221 1400
1354 11.903770526468952 0.68571238638565335 51.49644153438642 0 0 0 -1 217 1609 220 1542 221 1346 223 1425
245 0.79516382440241762 14.712629816235461 25.335829727788468 0 0 0 -1 221 1461 220 1612
68 -3.4464091680750935 41.660267784900093 77.604520049850095 0 0 0 -1 221 1295 211 1889
1184 -7.7125104648993128 38.870226190501548 64.209731851330616 0 0 0 -1 208 1716 213 1647 218 1594
75 23.576357804685131 -31.48758555502776 64.45381689040812 0 0 0 -1 212 1997 211 2005
202 -335.85792506386679 -157.1155851916524 510.32604500772982 0 0 0 -1 211 1933 212 2013 221 1329 220 1466
743 -64.776097366017595 23.488420493613923 47.319833328331818 0 0 0 -1 208 1688 212 1790 210 1375 211 1726
46 24.362488374148967 -1.6444426172871556 72.225336557147699 247 115 69 -1 212 2175 211 2083
587 -11.344654311543254 -25.393148731974346 220.95997141246107 0 0 0 -1 205 2002 211 2079 212 2171 216 2205 217 1662 220 1598 221 1442 208 2036
430 5.2141627365982295 10.551812098098722 43.962773167028999 0 0 0 -1 212 1780 221 1270
971 73.027719317526859 5.9975989074265925 156.51053468855648 0 0 0 -1 205 1858 208 1891 213 1806 217 1451 220 1384 221 1253 223 1274
173 -117.67470331894346 -126.73134773165877 419.98396460035053 0 0 0 -1 212 1894 220 1371
714 -59.998940800371031 -59.818890543214913 308.98165217522376 0 0 0 -1 211 1938 213 1870 221 1336 205 1932 217 1540
76 8.8572476253821204 -37.366275235116177 91.967186304731925 0 0 0 -1 212 2101 211 2009
617 25.252848748338934 -17.265532301277283 79.474850972406571 0 0 0 -1 205 1606 211 1669 212 1724 216 1771 213 1595
460 9.6547846153920176 4.4300383131678203 34.428873449300546 0 0 0 -1 211 2087 212 2181 216 2214 205 2011
203 -197.75847689685898 -189.55786110346881 778.9655370514572 0 0 0 -1 212 2109 221 1331 220 1468
77 35.649008257618469 -30.288942798689355 85.306424851899507 0 0 0 -1 212 2105 211 2013
1727 10.563859942964932 -2.8067415577028041 41.885655858980613 0 0 0 -1 217 1664 220 1600 221 1445 222 1381 223 1485
618 -65.509991846963828 -15.067383378384758 56.023297387660435 0 0 0 -1 208 1507 213 1598 205 1451 211 1503
79 -21.18782870057105 -52.364115600907311 86.034567138441915 0 0 0 -1 212 2152 211 2058
206 -385.75643007411054 -242.68337285920813 1225.4919760681489 0 0 0 -1 211 1939 212 2017 221 1333 220 1471
747 -153.55148716821299 71.206525707100013 197.52608157344457 0 0 0 -1 208 1820 211 1725 213 1733 216 1829 217 1351 220 1409 210 1591
168 -17.164691689913305 32.556753434480243 44.344145731557042 0 0 0 -1 221 1212 220 1346
709 -171.08666757748497 79.385866702050876 220.34086859972427 0 0 0 -1 208 1820 211 1725 213 1733 216 1829 217 1351 220 1409 210 1591
41 23.140816953443125 -22.148523086929245 118.95004936429116 193 70 33 -1 221 1440 220 1597
582 -70.889947091811933 13.145195435500138 54.610924076976538 0 0 0 -1 205 1632 212 1930 216 1975 208 1804
1159 -4.8178926024215363 -16.799267167133124 57.459984063906056 221 102 62 -1 212 1720 205 1733 211 1817 216 1940
50 4.9818983571277577 35.850855163672378 61.074502725207999 0 0 0 -1 212 1139 211 1109
177 -73.696344539973381 7.4495547428411868 65.156592150587585 0 0 0 -1 221 1255 220 1387
1827 -5.9764513942069089 20.256920422712874 33.137922934791575 141 69 42 -1 221 1300 223 1330
718 15.570889935783585 2.5206615794415277 53.500215134456909 254 116 69 -1 205 1859 211 1955 212 2036 216 2082
1189 15.255437306221632 1.1440082579077215 33.477770562854701 0 0 0 -1 211 1952 212 2035 218 1649 221 1253 223 1274
80 -55.658212187323421 -66.446689271929671 127.08732351762451 0 0 0 -1 212 2155 211 2064
207 -7.1969850253109247 -45.067392695531055 307.13817978590737 0 0 0 -1 211 1830 212 1905 220 1474
748 13.551625578352777 -18.604266604824215 97.62769137881925 0 0 0 -1 205 1933 208 1878 211 2015 213 1871 216 2062 210 1655
1556 -108.29279512510954 -41.29805707471801 191.10689236411807 0 0 0 -1 208 1880 209 1758 211 1937 212 2016 213 1797 216 2061 218 1635 206 1831 207 1712 215 1844
447 12.808145218386599 2.6179056073076046 43.103088674025933 0 0 0 -1 211 1955 212 2036 216 2082 205 1859
988 17.623206467018839 -2.7764661440206702 62.705107098566799 0 0 0 -1 205 1850 208 1887 213 1803 217 1551 220 1484 221 1343 223 1373
190 -4.2199551750026405 24.703467644655579 34.294396748248836 0 0 0 -1 221 1301 220 1430
731 15.551183121403264 -15.477392686306358 81.227422711706055 0 0 0 -1 205 1998 221 1440
131 64.714916550773737 26.19626887047415 108.11043803557045 0 0 0 -1 211 1713 212 1591 220 1170
1113 -24.769222571572961 31.89966860185482 77.686754064028364 0 0 0 -1 208 1370 210 1233 213 1364 218 1224 209 1303
4 -173.64154141717003 87.945191234905963 400.59175684498376 155 93 72 -1 212 1332 221 1082 211 1322
1181 -34.769845823992846 42.771854518381232 78.004502228147174 0 0 0 -1 218 1470 215 1727
72 -103.07987586897261 30.732381090965095 302.09937909946586 0 0 0 -1 212 2042 211 1960
1722 -49.82120740695202 23.425194826662327 149.47467490213862 0 0 0 -1 211 2028 214 1846 215 1858 216 2157 221 1452 222 1385 224 1640
613 1.5822667122780514 19.243112143139641 26.239987557057987 0 0 0 -1 208 1607 213 1564
1296 22.516224555869794 -14.9224135085123 66.22179311811621 0 0 0 -1 221 1062 223 1179 217 1310
187 -8.2073653936857038 23.132361930380902 39.309448591476432 0 0 0 -1 221 1297 220 1427
1169 -32.412591812537464 34.538122412335881 68.827124690855001 0 0 0 -1 205 1667 209 1547 210 1399 211 1755 212 1822 213 1538 216 1864 215 1632 208 1570
60 -382.34401203988182 -158.5136297752808 607.66055985356866 91 32 18 -1 221 1166 211 1825
246 1.2786496547508366 18.137115222541411 26.464021745667168 0 0 0 -1 221 1464 220 1616
1376 -24.766131905311987 -19.151985082481822 75.43063787697433 146 53 27 -1 205 416 208 438 206 893 213 486 216 422
267 24.832692075729756 2.9934196070361279 48.596523508853082 0 0 0 -1 212 1753 220 1288 216 1799
1119 6.2682362505131453 10.761534946022646 71.894262835476567 0 0 0 -1 205 1868 208 1900 211 1962 212 2046 213 1891 216 2090 209 1771 210 1750
10 9.3356529960696051 -36.173045554591106 162.51836551746081 233 111 66 -1 212 1898 211 1824
69 -3.4464091680750935 41.660267784900093 77.604520049850095 0 0 0 -1 221 1296 211 1890
453 19.788569339582587 -16.799735586011348 81.624674076896568 0 0 0 -1 211 2075 212 2166 216 2199 205 1997
196 -46.13059241000586 -35.633719533761223 53.836753001372983 0 0 0 -1 221 1321 220 1456
737 5.6733306311286453 5.1781538058705161 31.777796127532664 0 0 0 -1 205 2013 208 2043
239 -28.960100950882325 -40.136301509038383 84.775060533675287 0 0 0 -1 221 1427 220 1586
1221 -17.432966598615895 20.664307371031658 57.842886560513563 149 53 23 -1 208 1701 209 1629 212 1628 213 1625 215 1620 206 1773
112 -490.39086709201945 73.003521589102135 781.43006752653343 0 0 0 -1 211 1309 212 964 221 939 220 989
653 20.590520249889238 -1.9777381587232543 69.333087425491655 0 0 0 -1 205 2006 208 2039 211 2083 212 2175 216 2210 213 1935
260 -14.477146297047325 -31.234337561802811 44.63631821693015 0 0 0 -1 212 1219 216 105
3 -79.708715285460855 -0.99673158607111467 62.171229885673604 205 83 45 -1 212 1283 211 1294
130 2.6230475788317231 0.66210371001069868 1.5209461696821327 0 0 0 -1 212 1586 220 1168
54 -14.427002721661367 -18.894030464310859 16.765784635102037 0 0 0 -1 212 1698 211 1647
1164 -34.850515672381498 31.974578494893994 166.32571636019546 0 0 0 -1 208 1675 216 1815 217 1462 218 1431 220 1299 215 1603
55 10.298186581942485 -37.755902797902237 62.718246849896119 0 0 0 -1 212 1702 211 1654
427 24.548826459298059 -15.886818736905621 76.824502718364499 0 0 0 -1 211 1669 212 1724 216 1771 205 1606
968 -78.175823818904348 -83.298211409591332 273.80391618597957 0 0 0 -1 205 1734 210 1552 212 1894 216 1941 217 1428 220 1371 223 1256
170 -3.9676368280562193 24.37669743137943 29.363338344837743 0 0 0 -1 221 1214 220 1350
52 -27.299587520909686 -49.771230666848872 82.207188157172354 0 0 0 -1 212 1521 211 1480
1190 -4.3020007536495211 19.074065542165261 62.730540248780621 0 0 0 -1 209 1625 210 1681 212 1944 218 1565 215 1793
81 -13.755180445692185 -34.860586717359965 107.65261685774699 0 0 0 -1 212 1889 211 1814
1317 -13.263321931664423 -19.694747337106925 121.71229705334821 0 0 0 -1 209 1596 215 1681 205 1843 210 1734 213 1873 218 1764 208 2033 212 2169 216 2202 211 2077
208 -68.557831206654242 -38.616007319908036 436.75971053650949 0 0 0 -1 212 2112 221 1337 220 1477
749 -46.151498878100682 -46.15071238728477 236.53574196086558 129 49 25 -1 221 1336 210 1656 217 1540 213 1870
1114 -18.812528488880353 -30.862334343887124 86.110943451949154 0 0 0 -1 212 1888 213 1690 216 1932 209 1585 205 1731 208 1773 211 1813
5 0.63327704506623839 22.501467004234414 101.02397183030408 173 73 26 -1 212 1595 211 1326
284 -237.13815974084417 122.06786106062059 395.69416067577811 0 0 0 -1 220 1560 221 1410
27 25.530833108349977 2.4002417684524966 53.476425539643252 254 132 86 -1 212 2035 211 1952
568 14.734651357541171 -5.1119549645827185 87.101521240049479 0 0 0 -1 205 2003 211 2080 212 2172 216 2206 208 2037
85 -39.862534637102094 -46.149143883804086 89.335919037857678 0 0 0 -1 212 2155 211 2064
1735 8.072783743724262 7.436806150339085 28.185135096478799 0 0 0 -1 221 743 224 954
626 -49.933683153863129 54.89118647280668 50.696106452893083 0 0 0 -1 208 1726 213 1763
292 73.79962475818472 22.299771478067758 69.90478938895987 0 0 0 -1 211 2036 220 1401 216 2100
35 34.419498428511744 -11.889892897791404 84.046209786786946 248 116 71 -1 212 2111 211 2018
162 -89.8904141614331 70.59008499929125 302.82623420724843 0 0 0 -1 211 1538 212 1774 220 1303
1812 -10.68608922565803 8.7619287625049456 62.410966175509841 84 28 15 -1 205 1944 206 1926 207 1850 208 1984 209 1769 210 1747 211 2026 212 2121 213 1889 215 1854 216 2155 219 1548
703 1.513396871140936 17.769527024058174 28.768286460204244 0 0 0 -1 208 1721 213 1652 210 1513
294 -154.74620555760154 80.260932278728959 255.99564066891568 0 0 0 -1 220 1560 216 2168
835 16.024350134749572 -5.1524235679512218 51.820766046773059 0 0 0 -1 205 1847 211 1942 212 2023 216 2068
1146 -70.502441774367568 -68.413781342606953 259.70700871114082 0 0 0 -1 211 1494 212 1246 218 1285 223 1057
37 16.151487892430485 7.8612971552844648 71.636000876322953 236 106 62 -1 212 2119 211 2024
164 -81.619138077108147 71.685728644878381 280.07405061103736 0 0 0 -1 212 1603 220 1307
78 76.869802019036072 7.1675070754209766 67.218539679322703 0 0 0 -1 212 2116 221 1396 211 2021
1728 12.562861124792468 -1.6459892213908862 37.810705747318089 0 0 0 -1 205 2006 208 2039 211 2083 212 2175 213 1935 216 2210 217 1665 218 1771 220 1602 221 1446 222 1382 223 1487 224 1672
619 23.019055360170505 -5.5998896804439502 72.563404184212985 0 0 0 -1 216 1778 217 1176 220 1279 213 1605
205 -424.92833654593352 -165.03493223139503 748.70427529092342 0 0 0 -1 211 1937 212 2016 221 1332 220 1470
746 1.2940229362618281 15.705059346727436 25.269205031906992 0 0 0 -1 208 1721 213 1652 210 1513
82 5.6477830357280254 -25.157266765340086 114.57471802041198 0 0 0 -1 212 1898 211 1824
209 -20.820763068319813 -10.860091122033158 305.98796242745738 0 0 0 -1 211 1835 212 2027 220 1482
750 -118.70490945599794 -64.665919163405647 324.27943234061479 124 48 30 -1 208 1971 213 1869 217 1539 221 1335 210 1733 212 2110 218 1708 205 1931 211 2017 216 2146
1301 -138.60983323829612 67.397859780955301 216.62730717337971 0 0 0 -1 205 1644 208 1683 211 1721 212 1785 213 1508 215 1609 216 1827 217 1202 220 1173 206 1662 210 1370
192 -6.2785070588080787 28.632430655414201 34.382129505227333 0 0 0 -1 221 1305 220 1434
733 19.846665196674497 -13.35960178244641 87.642662266070616 0 0 0 -1 205 2000 208 2034 211 2078 212 2170 213 1929 216 2203 210 1794
1440 16.047576741517933 -4.0555556935569799 44.856868733724831 0 0 0 -1 205 1748 223 1268
331 -69.974880838017356 -14.771647104994223 59.755875268326314 0 0 0 -1 220 1139 221 1175 217 1166
1183 -7.3179978764076692 29.505784759731089 49.766346651455613 0 0 0 -1 208 1839 209 1655 210 1620 213 1752 215 1732
74 -2.0560479049980298 26.30843600452204 54.906667391121431 0 0 0 -1 212 2076 211 1991
149 -22.133833729259987 -36.69410699406906 61.274252521717521 0 0 0 -1 221 1154 220 1256
145 -6.9460485829266103 26.614084905995128 30.174045305325993 0 0 0 -1 221 1129 220 1232
399 -67.759213813611467 7.5135318379766503 61.940475179811735 0 0 0 -1 220 1387 221 1255 217 1454
940 -34.599036497653628 -52.252863930185484 135.28329991689043 142 51 19 -1 210 1332 205 1191 209 1408
142 0.13463858995236067 17.335511144325356 20.91754119958847 0 0 0 -1 221 1125 220 1226
1792 8.2746325066008044 -2.7915080775293153 16.552128329178515 0 0 0 -1 223 1369 224 1598 219 1412
683 -119.04180678443444 -99.366426791279977 292.00232526777103 0 0 0 -1 208 870 213 879 221 895 210 1112 211 833 205 1195 212 867 217 967 220 948
143 0.13463858995236067 17.335511144325356 20.91754119958847 0 0 0 -1 221 1124 220 1227
401 -19.971936226638551 -36.086717069269284 69.461567448585427 0 0 0 -1 220 1584 221 1426 217 1650
942 -110.07085018661667 -101.26808720258468 380.25983100876033 0 0 0 -1 205 823 213 1251 216 906 221 899 223 894
144 -10.93097811021301 28.47457599597838 35.812169866591439 0 0 0 -1 221 1006 220 1229
685 -57.962098772272668 23.046798515996787 25.400799237068217 0 0 0 -1 205 982 210 1227
398 -61.037619738366146 14.530870057103845 58.909633448087625 0 0 0 -1 221 1184 217 1337
141 -1.8811147540269051 19.34993252299326 36.996580314819681 0 0 0 -1 221 989 220 1207
1506 -32.170844493925898 27.409192785577485 29.557079985243067 172 57 26 -1 215 1394 214 1374 217 886
397 -68.294303681635142 -20.801496031978239 66.618780643141179 0 0 0 -1 220 677 221 383 217 974
140 -55.552452184043901 31.822401240278701 55.616876399092995 0 0 0 -1 221 978 220 1194
1218 -56.948310968243149 -55.899600248231614 209.21635244353752 0 0 0 -1 212 1246 218 1285 223 1057
109 -95.889220692215602 -26.96131626524863 85.908915245878191 0 0 0 -1 221 910 220 958
650 -11.222251318511786 -25.15516807984849 218.84246734915214 0 0 0 -1 205 2002 208 2036 211 2079 212 2171 216 2205 217 1662 220 1598 221 1442 213 1931
120 -27.774350787754575 -44.213601873685732 75.080679859240135 0 0 0 -1 221 890 220 1120
661 -52.834977549535459 14.384466891571384 42.164274908423927 0 0 0 -1 205 1476 211 1535 212 1769 216 1631 213 1499 208 982
117 0.27124690222657966 20.494708540211644 24.703491981367289 0 0 0 -1 221 824 220 1078
1353 10.262189815959802 -0.90089829783057707 53.14629726265791 0 0 0 -1 220 1485 221 1344 223 1375 217 1447
244 22.834188497714404 -2.2465296709902636 71.181916494387764 0 0 0 -1 221 1446 220 1602
363 -40.992845670027478 37.895067821021961 196.72758963603917 0 0 0 -1 212 1768 220 1298 217 1461 211 1710 216 1814
904 -27.129527893879899 34.212541950461585 83.133181947216144 0 0 0 -1 208 1370 210 1233 213 1364 218 1224
1215 6.5493414599064685 22.100095705277635 35.519721474935501 0 0 0 -1 209 1097 215 1107
106 -23.332520166854664 23.167325452583899 50.474519646986323 0 0 0 -1 221 773 220 820
647 19.577424883804948 -17.700614371277172 82.043559059758394 0 0 0 -1 205 1997 208 2031 211 2075 212 2166 216 2199 213 1927
105 -52.885702641428132 27.727226536547722 49.549973692068328 0 0 0 -1 221 765 220 813
646 10.144139441983684 5.6264832745124753 53.362536817306271 0 0 0 -1 205 1942 208 1981 211 2024 212 2119 216 2152
93 -57.383553016247575 9.5546616524337669 42.871645443992968 0 0 0 -1 221 452 220 465
1743 -8.8339943465018198 8.3047819632719264 14.179800480946785 0 0 0 -1 222 1190 224 1264
634 24.185652050868566 -5.5128706651622794 72.985425679876144 0 0 0 -1 205 1748 208 1792 211 1833 212 1907 216 1954 213 1801
229 -151.7561062459132 73.63467370565391 448.94886333072606 0 0 0 -1 211 2028 220 1550
157 -80.145732543353716 -3.6269522013884385 405.89074971457239 0 0 0 -1 211 1838 220 1284
440 6.5604282034735224 7.0921624091562077 24.163978134947993 0 0 0 -1 211 1732 216 1837
183 -269.15247920287658 123.15293028809911 347.88868165309111 0 0 0 -1 211 1725 220 1409
1833 -2.8360432539338047 -16.126801693114384 61.961813591541713 0 0 0 -1 215 1669 222 1156
724 16.993241052783961 -4.4198536909818582 65.854393409024937 0 0 0 -1 208 1974 212 2114 213 1875 210 1736
126 -267.99767712001375 -87.138782516472432 656.79218857041815 0 0 0 -1 211 1679 220 1147
667 6.7711487090623423 3.6704049803405248 34.148329835736376 0 0 0 -1 205 1942 211 2024 212 2119 216 2152
310 -71.035371279794433 -9.51141482242185 60.443500627899958 0 0 0 -1 221 415 217 723
53 -240.4955009963835 -90.260554049586474 662.57547714018017 111 36 17 -1 221 921 211 1508 220 1146
594 -65.950571535902029 50.676996250485544 234.16836643027986 0 0 0 -1 208 981 211 544 213 1011 216 560 212 544 217 471 220 481
1208 25.927484572873738 -10.382023209457065 65.028834506837811 0 0 0 -1 218 1765 221 1390
99 -220.08769563335957 -80.956320778575801 548.69622508910595 0 0 0 -1 211 1283 220 696
136 27.733321915844204 10.998773559271671 26.747166243847413 0 0 0 -1 212 1794 220 1178
390 20.91227236779422 -12.90279683461125 90.859597628771269 226 102 58 -1 211 2078 212 2170 216 2203 205 2000
931 14.929075206017442 -9.8296782379109739 64.179701794277321 0 0 0 -1 205 2000 208 2034 211 2078 212 2170 216 2203 218 1766
1242 -38.946806424072015 -29.614991286118027 117.22687660944608 0 0 0 -1 205 416 208 438 206 893 213 486 216 422
133 -270.46938052610977 129.84696821646955 424.81730152130979 0 0 0 -1 211 1721 220 1173 212 1785
1368 -32.298876830612194 27.193012440974897 133.59769120634044 161 70 23 -1 208 2046 209 1822 210 1805 213 1941 215 1913 218 1775 223 1493 206 1979 207 1858 214 1849
259 -23.404410988640119 -60.207809634510774 66.523068407331223 0 0 0 -1 211 95 212 14 216 98
1111 -95.668145074669482 -82.851140188591955 271.56980709831089 0 0 0 -1 205 1992 208 2028 210 1789 211 2069 212 2159 213 1925 216 2195 217 1655 218 1756 220 1590 223 1474
2 -75.714014809501478 43.501758260261958 364.54528120945406 148 62 27 -1 212 978 221 716
386 -26.002178137330283 -36.685092348828661 64.992253644942778 170 63 34 -1 220 1528 221 1381 217 1592
129 29.504593509730483 1.9929088333274374 43.213925684526401 0 0 0 -1 212 1751 220 1158
1237 -13.745944309875087 -31.680114196989237 120.59969893668247 0 0 0 -1 208 433 210 402 213 480 206 495
128 48.511601088556674 -2.8324047232178451 60.628959774740316 0 0 0 -1 212 1738 220 1151
1778 -20.033128112730051 17.15481939944506 17.973283603093382 0 0 0 -1 205 1680 219 1141
669 17.012437851891853 -11.23472420992014 74.27852321676454 0 0 0 -1 205 2000 208 2034 211 2078 212 2170 216 2203
258 20.865363390378395 -1.2085855463956447 66.468602853914305 235 109 64 -1 212 2175 221 1446 220 1602 216 2210
1 -76.769236254750155 45.849268518898683 357.66814837096337 248 149 118 -1 212 519 221 450 211 527
127 49.652615812187427 -4.2515957557260791 64.314952587614314 0 0 0 -1 212 1735 220 1150
668 18.819056960741641 -16.778590770538347 77.668813662041245 0 0 0 -1 205 1997 208 2031 211 2075 212 2166 216 2199
151 -174.88188986127702 -153.66904116000345 460.7667415831944 0 0 0 -1 211 1663 212 1719 220 1267
1801 12.228586430355055 -4.0769078512652612 27.148224386548971 0 0 0 -1 210 1796 219 1497
692 -65.399096739492791 23.889476558299762 48.437373893750895 0 0 0 -1 208 1688 212 1790 210 1375 211 1726
1220 -154.34638764130017 74.942509801429736 240.92530243864488 0 0 0 -1 205 1644 208 1683 211 1721 212 1785 213 1508 216 1827 220 1173 215 1609 217 1202 210 1370
111 -490.39086709201945 73.003521589102135 781.43006752653343 0 0 0 -1 211 1310 212 965 221 938 220 988
1761 -14.433795124891862 7.9084969596337782 69.977395046945574 197 140 118 -1 205 913 206 1329 208 959 211 937 212 973 216 1013 219 461 210 1183 213 986 215 1276 207 1260 209 1262 214 1276
652 17.377581226159656 -3.5487161171734685 82.213214395550935 0 0 0 -1 205 2005 208 2038 211 2082 212 2174 216 2208 213 1934
96 -39.173274616740358 -83.595349728473238 330.46866272556974 0 0 0 -1 211 845 220 670 212 876
1746 -12.131708342336243 -22.077332841848424 44.066833325226455 124 47 27 -1 222 1337 224 1590 219 1489
637 11.732259884154804 1.5305639936066635 58.467626791869733 0 0 0 -1 205 1855 208 1975 211 1951 212 2032 216 2079 213 1805
1210 14.575111731531724 -3.5040305770395554 61.381038742340664 0 0 0 -1 221 1445 223 1485 217 1664 220 1600
101 -418.39860395925609 63.363377018580827 682.71889560258649 0 0 0 -1 212 962 220 741
1337 -74.796161988018611 38.0948548649353 217.68554219985012 0 0 0 -1 205 1871 209 1702 211 1965 212 2049 213 1814 217 1618 218 1657 206 1853 216 2093
228 12.931889876439069 7.1580316323250921 63.919478791026606 0 0 0 -1 221 1450 220 1548
100 -272.0261268744004 -94.620337689298054 711.58607670873664 0 0 0 -1 212 441 220 698
1336 23.623445301645251 3.6348346520049564 77.063052214129371 0 0 0 -1 215 1773 206 1844
227 107.38956848023388 12.755382036961244 118.36109558960516 0 0 0 -1 221 1398 220 1547 212 2179
230 -98.949792848853349 58.554050887256537 335.2638151554961 0 0 0 -1 211 2029 212 2123 220 1551
1158 -35.720581006580801 -37.060064220391617 76.535371217338451 0 0 0 -1 211 1658 210 1330 205 1589 208 1629
49 -208.49754172616295 -174.42119419342075 514.02936315848342 227 139 114 -1 212 867 221 895 211 833 220 948
1699 -5.9722442718668312 18.057857025652662 28.56212278277097 0 0 0 -1 217 1502 220 1428 221 1300 223 1330
590 -8.2826832916115691 5.2777018602836971 12.237294979931304 0 0 0 -1 221 773 213 656
94 -171.77480367628243 94.545772912058908 407.3831648525242 0 0 0 -1 211 229 212 546 220 484
635 17.379360871959758 -2.1488301640326348 66.9776937983046 0 0 0 -1 205 1850 208 1887 211 1946 212 2026 216 2072 213 1803
1350 -39.863803082279311 -22.996447947652236 254.4702036176183 0 0 0 -1 205 1935 208 1972 210 1663 211 1943 212 2112 216 2069 218 1709 220 1477 221 1337 223 1367 217 1543
241 -155.28462761942677 -133.4522986132144 439.22215890287208 0 0 0 -1 211 2069 212 2159 220 1590
291 -84.13498880571035 56.002719558865309 211.20800536323239 172 75 45 -1 211 1868 212 1783 220 1403 216 1985 217 1469
832 -39.242285667590579 -45.474701731540591 102.6135977087344 0 0 0 -1 210 1643 212 1886 213 1686 205 1829 208 1869 216 2046 205 1728 208 1769 211 1660 216 1927
34 -203.0719490145166 -111.14067275827975 558.09654260742548 117 48 30 -1 212 2110 221 1335 211 2017 220 1538
1684 6.3385026172784036 19.525228346423301 33.468613517239412 0 0 0 -1 220 1214 224 1274 217 1501
575 -4.7801564865080044 7.5380502154464804 19.27281705912409 0 0 0 -1 211 257 208 256
429 -77.990839941801525 14.997505439784311 61.841782267722323 0 0 0 -1 212 1930 216 1975 205 1632
970 -69.007634577373707 1.7713202132130366 60.979912249672651 0 0 0 -1 217 1448 220 1383 223 1273
172 -210.90187832788806 -175.53218608453324 488.73421836542826 0 0 0 -1 212 2008 220 1368
713 14.008413382072925 -19.114475438332875 101.53562966302884 0 0 0 -1 205 1933 208 1878 211 2015 213 1871 216 2062 210 1655
1437 -8.7053604845848724 31.489418201672155 39.070150356587362 0 0 0 -1 209 1491 223 1137 207 1602
328 -70.27387752427984 -73.332042495018896 282.2338603212736 0 0 0 -1 211 1492 217 1152 216 1765
71 -113.47261818276883 -112.36256300044307 589.83917567503033 128 45 22 -1 212 2018 221 1336 211 1938 220 1472
1721 -4.741860155857875 8.7141949517494908 65.805952622612494 0 0 0 -1 206 1850 207 1723 209 1608 218 1656
612 -41.090719030311696 48.317430461001102 60.900272506716789 0 0 0 -1 205 1687 212 1846 213 1556 211 1773
84 -253.3174372118153 69.544275045435342 715.79809471903411 134 69 43 -1 212 2042 221 1347 211 1960 220 1489
625 59.310718395583329 4.5635214480311612 58.148142403930763 0 0 0 -1 217 1324 213 1711
158 26.452657912005272 2.3725365751036382 40.9803003482291 0 0 0 -1 212 1915 220 1289
410 -95.180508026832641 -98.977371961805247 308.96311465785465 0 0 0 -1 211 1929 216 2053 220 1462 221 1385 217 1531 212 2010
153 -37.105966529155829 -97.98759412681332 323.05854567189488 0 0 0 -1 211 1664 220 1269 212 1531
327 -12.919439646554885 -37.058328040667568 67.868531624791061 254 141 87 -1 212 1704 211 1482 216 1554 205 1585
434 -49.439134155937708 54.841527069600588 51.664390898662049 0 0 0 -1 211 1776 212 1851 216 1886 205 1690
1546 15.361773549870779 0.60532540592503004 30.367295403738115 0 0 0 -1 220 1384 223 1274 217 1451
437 104.88216321404914 7.6740697481430944 105.99038589507097 0 0 0 -1 216 1966 217 1324 205 1755
405 -65.447450335331823 -6.2397183278884052 55.770792705681593 225 106 63 -1 220 421 221 423 217 406
946 -48.491898732947504 -5.3898711243415338 23.204983043288898 0 0 0 -1 217 989 223 912
409 -37.842039219448665 -29.276255501731107 46.176561872559219 143 53 26 -1 220 1456 217 1524
413 -95.762180467014929 -14.937639907761712 95.953331949968302 0 0 0 -1 211 894 212 920 205 859
954 -30.174233590355751 34.751416679644848 25.734533896026345 0 0 0 -1 217 1393 223 1145
428 35.058192159374997 0.67548350568636861 24.552307836410989 0 0 0 -1 211 1839 216 1960 205 1620
969 28.193703009597446 -6.7842066470369247 78.049392993377353 0 0 0 -1 205 1748 208 1792 213 1801 217 1546 220 1382 221 1252 223 1268
1545 16.683954898159314 -4.3133041700866119 43.466074227547416 0 0 0 -1 220 1382 221 1252 223 1268 217 1546
436 23.624829595253527 -4.9656819549418634 71.130167257985192 0 0 0 -1 211 1833 212 1907 216 1954 205 1748
444 16.428194828440859 -1.4684600289644185 62.176710137751968 0 0 0 -1 211 1946 212 2026 216 2072 205 1850
985 -50.329602555513503 -28.549598999055913 317.5176715622456 0 0 0 -1 205 1935 210 1663 212 2112 216 2069 217 1543 218 1709 220 1477 221 1337 223 1367 208 1972
1547 -8.6093555078330635 12.845555885971502 67.154407248037714 0 0 0 -1 206 1855 215 1785 213 1718 205 1765 207 1732 211 1859 212 1936 216 1816 208 1807 210 1677 208 1906
438 -134.0052135060144 79.435510215839173 311.57451660501312 0 0 0 -1 211 1865 212 1778 216 1983 217 1566 220 1501 221 1357 205 1768
979 -3.7596788825442267 31.065619110054318 59.379628973523069 0 0 0 -1 217 1497 220 1339
439 -86.686855882669519 58.103472696993641 218.86866319418897 0 0 0 -1 211 1868 212 1783 216 1985 217 1469 220 1403 205 1771
452 -163.6677735492064 85.04569108123809 271.75501012774652 0 0 0 -1 216 2168 220 1560 221 1410 205 1956
993 -35.529953963417796 23.489917637979737 25.05472255770751 0 0 0 -1 217 1583 223 1404
1576 -27.220262806606318 15.236593583953866 137.63775818432708 0 0 0 -1 206 623 211 519 212 171 205 509 208 560 216 190
467 -1.1964582162394339 28.217363437069245 40.163491997715788 0 0 0 -1 211 1617 216 1884
1008 12.678038874307896 -5.0570164285314654 74.886805044182026 0 0 0 -1 205 2003 208 2037 211 2080 216 2206 212 2172 218 1768
137 6.4508603025515834 5.5215434827990011 19.123029538036011 254 143 85 -1 212 1793 216 1833 211 1728
1572 -24.015283360493008 20.483605565951674 100.41503057220832 0 0 0 -1 206 1980 207 1859 208 2047 209 1823 213 1942 215 1914 218 1776 214 1850
463 24.591686313920285 -15.880351151325913 76.386613492580906 0 0 0 -1 211 1669 212 1724 216 1771 205 1606
468 89.205350358871769 6.3892730910491515 89.426986048559854 0 0 0 -1 217 1324 205 1755 216 1966
1009 16.541238850448259 -3.9745463193221759 72.321450893543826 0 0 0 -1 205 2005 208 2038 213 1934 217 1664 220 1600 221 1445 223 1485
464 52.4385892726037 0.16274678597584796 34.187361449050563 0 0 0 -1 211 1839 216 1960 205 1620 212 1747
465 -75.63093356396729 14.189670178881572 59.016666557682946 0 0 0 -1 212 1930 216 1975 205 1632
466 -42.422659402361347 49.92736389657226 63.737511449332509 0 0 0 -1 212 1846 205 1687 211 1773
1007 16.622548440292842 -17.077671296240492 87.092920204398126 0 0 0 -1 205 1998 221 1440
1579 -19.975088848915082 9.4474163032824681 95.237210025691738 0 0 0 -1 205 911 206 1325 207 1255 208 1307 209 1261 210 1178 215 1270 214 1270 211 934 213 981 216 1010 212 1307 216 1363
470 -83.306253575800511 55.378578527116851 208.55709477985647 0 0 0 -1 211 1868 212 1783 216 1985 217 1469 220 1403 205 1771
1011 8.6978018745090289 3.0250781896554693 78.460650951352662 0 0 0 -1 217 1666 220 1603 221 1447 223 1488
1582 -76.583346979270488 -29.434103831901307 135.90795193978607 0 0 0 -1 208 1880 209 1758 211 1937 212 2016 213 1797 216 2061 218 1635 206 1831 207 1712 215 1844
473 -84.915339123208554 55.12979758192499 246.64287432608691 0 0 0 -1 211 2032 212 2055 216 2163 217 1624 220 1557 221 1405 205 1950
1584 -16.610652097904598 -25.287407296669297 55.01227387360057 0 0 0 -1 205 1924 208 1959 211 1924 213 1784
475 18.787998136474293 -16.381328802293289 77.733605276210497 0 0 0 -1 211 2075 212 2166 216 2199 205 1997
1585 -14.182877683011789 11.517701455548218 58.078129699125242 164 72 24 -1 205 1875 218 1776 208 1907 211 1969 212 2053 216 2097
476 19.887993366600512 -12.663937401704207 86.724010684390706 0 0 0 -1 211 2078 212 2170 216 2203 205 2000
1017 -140.07696059768338 -116.44499626363721 343.87544438909651 0 0 0 -1 208 870 213 879 220 948 221 895 223 891 210 1112 211 833 205 1195 212 867 217 967
388 22.001501062116091 -18.733001793072297 50.979364636162657 254 122 71 -1 211 2012 212 2104 205 1988 216 2143
929 5.0633020176440917 8.8005160032464076 58.893439257778425 215 99 63 -1 205 1868 208 1900 211 1962 212 2046 216 2090 213 1891 210 1750
459 9.3451401045767284 4.045514831050701 86.293617064399257 0 0 0 -1 221 1447 205 2008
1570 11.363410419849078 -12.007255527607018 56.986670924390694 0 0 0 -1 206 1962 207 1843
461 -92.779328384185973 -14.555505709916016 91.911749192120894 0 0 0 -1 211 894 212 920 205 859
1589 -46.635805941816514 -5.6772500062282427 36.986944125024394 0 0 0 -1 223 374 222 469
480 -55.241346431673335 25.243341523931502 27.601362953406433 0 0 0 -1 221 1105 208 1041
1021 -55.20548979868294 20.282661192703998 24.340228466828478 0 0 0 -1 221 1096 223 1100
1640 -8.1110016696455833 19.57480278145847 22.351682987331287 0 0 0 -1 217 1632 221 1371 223 1453 220 1569
531 6.1202882407688559 7.2260571989107039 23.724012151824322 0 0 0 -1 205 1780 220 1312
421 -57.958646051799072 54.675431326286144 63.337298950715947 158 55 28 -1 220 1075 205 1540 208 1436
962 -44.79016715352504 24.952096490376906 19.682858409997795 0 0 0 -1 220 1342 223 1220
509 58.363889312007529 -4.0474068209558025 74.822034167420739 0 0 0 -1 211 1687 220 1151 208 1654
1657 -97.958974423975107 -40.463197355810465 238.33435433504843 139 75 54 -1 205 1745 206 1834 207 1714 209 1688 210 1660 215 1767 217 1311 220 1378 221 1246 223 1180 222 1233 208 1788 213 1703 213 1798 208 1882
548 -2.3277430425960106 31.322037781990662 44.921858246930846 0 0 0 -1 221 1301 208 1936
1089 14.554630394822821 -17.413820472931874 39.793333180181456 0 0 0 -1 213 1783 218 1621
527 -74.456438139780602 14.069812302721969 58.02644660935664 0 0 0 -1 205 1632 212 1930 216 1975 208 1804
524 27.202119207692117 -6.1565709432539677 82.444508616546116 0 0 0 -1 205 1748 211 1833 212 1907 216 1954 208 1792
471 5.9283791751790096 6.6181507989761883 22.254868663112209 0 0 0 -1 212 1947 216 1837 211 1732
1012 7.3701009670347126 2.8046824953456722 25.257763310923966 0 0 0 -1 205 2011 211 2087 216 2214 217 1668 220 1604 221 1451 223 1490
1637 -5.8249174901445526 13.191558140130702 100.07787076964982 0 0 0 -1 217 1557 220 1491 221 1401 223 1432 222 1349
528 -83.596725804180011 55.699527306811198 209.47833783962761 0 0 0 -1 205 1771 211 1868 212 1783 216 1985 217 1469 220 1403 208 1815
508 49.751565292911721 -4.7963597807995111 67.151930322650685 0 0 0 -1 205 1616 211 1685 212 1735 208 1653 216 1782
489 -12.564670148819577 -35.418417917972505 63.793243125653817 0 0 0 -1 205 1585 211 1482 212 1704 216 1554 208 1485
487 -56.523770369828149 34.578150678000064 48.628050692461088 0 0 0 -1 212 1408 208 1399
1028 -70.474962514961007 2.0828196366044818 64.262556524129138 0 0 0 -1 217 1448 220 1383 221 1177 223 1273
519 -59.942339157283072 30.549511563381113 47.204395440632069 0 0 0 -1 205 1660 211 1577 212 1814 216 1852 208 1707
1615 -20.238077147772735 2.913182976534348 16.936912801003746 171 79 53 -1 221 1259 223 1280
506 26.542868833705921 -18.719961511710444 79.598052870057941 0 0 0 -1 205 1441 211 1667 212 1535 216 1572 208 1637
507 23.527330946829277 -15.679883226590364 87.466269218563951 0 0 0 -1 205 1453 211 1674 212 1545 216 1587 208 1643
384 -66.622536207058829 48.01266525518615 54.649408020276361 185 76 47 -1 212 1968 205 1799 211 1891 208 1837
1646 -9.6792715635153943 15.54349960725844 75.531179003470342 0 0 0 -1 221 1406 223 1439 222 1388
537 23.183561169770076 -7.1468112715337604 76.334280460195544 0 0 0 -1 205 1847 211 1942 212 2023 216 2068 208 1884
1647 2.2621841624771162 0.84341404732083369 3.922942958347329 0 0 0 -1 218 1779 221 1458
538 20.169630848851714 -2.3884927011655286 77.937936055939687 0 0 0 -1 205 1850 211 1946 212 2026 216 2072 208 1887
1648 -30.179486498464797 17.364841200980436 27.284083340629916 161 70 47 -1 221 1106 223 1112 222 1022
539 11.020319911091413 0.089851927738283974 63.361513115955873 0 0 0 -1 211 1948 212 2028 216 2076 208 1890
1649 -81.313059631387276 41.149503258407293 187.64888498624296 121 71 56 -1 207 1647 208 1809 210 1577 213 1719 214 1677 215 1699 218 1551 222 1168 205 1767 206 1753
540 28.86561311205466 2.4846043761842465 68.580818698481835 0 0 0 -1 205 1858 211 1952 212 2035 208 1891 216 2080
1680 -9.371992741700927 8.068627819873031 12.980936431571688 0 0 0 -1 222 1190 224 1264
571 78.812417041550006 8.6146096278246507 87.506059101218256 0 0 0 -1 205 2010 211 2086 212 2179 216 2213 220 1547
477 -4.9554538188338118 8.1950256670923451 21.151342986202952 0 0 0 -1 211 257 208 256
1018 -87.636221459374255 -80.971453966261279 302.61063345474577 0 0 0 -1 213 1251 221 899 223 894
1661 -6.5870285218990059 16.403129012794341 19.140016775627323 190 88 55 -1 217 1632 221 1371 223 1453 220 1569
552 19.747882383515694 -4.7873954020348082 76.390088421660053 0 0 0 -1 212 2114 208 1974
1664 -42.61366619161727 -15.569907723427161 107.89882594369563 101 49 37 -1 210 1149 205 1229 208 1271 211 1283 213 1274 216 1335 218 1144
555 7.9882732183686631 4.4183044001964831 40.008657902516319 0 0 0 -1 205 1942 211 2024 212 2119 216 2152
26 2.4086208897883505 3.961746578135195 112.48938381614994 205 99 63 -1 212 2034 211 1954 216 2148 208 1977
1676 -93.369879035971891 14.926146617650373 149.44850629227776 0 0 0 -1 211 1309 216 1360 218 1170 210 855 212 964
567 -11.940031725869149 -26.831474384932861 236.16818988763364 0 0 0 -1 205 2002 211 2079 212 2171 216 2205 217 1662 220 1598 221 1442 208 2036
1679 -46.744025519219079 6.2422092374048574 82.994045631655851 0 0 0 -1 220 740 222 985 223 928 221 937
570 21.193831667929214 -1.8716905252815523 71.383855124448033 0 0 0 -1 205 2006 211 2083 212 2175 216 2210 208 2039
1610 -43.400258169447717 -44.953010064422983 197.96762697100559 0 0 0 -1 205 1604 211 1672 213 1596 222 1231
501 4.8804144705851451 15.942576582999212 28.961684978273986 0 0 0 -1 205 1375 216 1710
581 -56.059443809405103 28.253613069252339 43.5676289228849 0 0 0 -1 205 1660 211 1577 212 1814 216 1852
580 33.902971705804653 2.2078894134995517 52.59735470872527 0 0 0 -1 211 1697 212 1751 208 1663 205 1464 216 1798
1603 -33.730048078412004 12.018775925151626 13.226622031517845 0 0 0 -1 221 1096 223 1100
494 -70.172783747822066 14.209610187892521 56.879925675720443 0 0 0 -1 208 1527 216 1622 212 1583
1035 -97.745880757853826 53.194605564933269 251.94887481590234 0 0 0 -1 208 1987 210 1752 211 1971 212 2125 213 1818 216 2160 218 1727 220 1554 221 1457 223 1436 217 1621
432 -40.652734650025138 47.40229028777869 60.177540312478236 152 53 26 -1 220 1222 205 1686
973 -58.152285074249114 9.4589036448679771 42.499815391088802 0 0 0 -1 220 1295 221 1260
645 2.1169409064211737 3.9351169359211671 112.97521474631725 0 0 0 -1 208 1977 211 1954 212 2034 216 2148 213 1879
431 -54.930118079324274 44.64201284766618 48.073052099777229 179 72 41 -1 211 1770 212 1657 205 1678 216 1713
972 -63.913600103116842 10.27747700279034 54.96987012453144 0 0 0 -1 217 1458 220 1388 221 1259
1752 -86.83723311610531 -36.287742199641428 213.11839310360423 0 0 0 -1 206 1834 222 1233 207 1714 209 1688 210 1660 215 1767 220 1378 221 1246 223 1180 213 1798 208 1882
643 20.352026651939308 -5.1875133683150487 79.175551111071925 0 0 0 -1 208 1974 212 2114 213 1875
644 12.087906019263771 -0.15432233095890957 71.306139146770832 0 0 0 -1 208 1890 211 1948 212 2028 216 2076 213 1877
1715 -81.889095882751505 22.843331347128142 232.52947618383143 0 0 0 -1 205 1862 206 1923 207 1802 208 1896 209 1697 210 1744 211 1960 212 2042 213 1883 215 1777 216 2088 218 1654 220 1489 222 1239 214 1734 217 1556
606 1.0222538482297079 -0.29469346670972063 113.43944933971081 0 0 0 -1 205 1619 208 1656 211 1694 212 1746 216 1792
1766 -10.798665684001236 13.307556389686027 70.390168353210044 0 0 0 -1 208 1318 213 1317 219 791 210 1195 209 1443 206 1350 207 1281 215 1289 211 1321
657 3.578038670438926 19.717266061395932 31.321256731261553 0 0 0 -1 205 695 208 1148
1716 -7.3162643216081227 11.299379850051018 58.868285629523726 0 0 0 -1 206 1855 213 1718 215 1785 205 1765 207 1732 211 1859 212 1936 208 1807 216 1816 210 1677 208 1906
607 -58.780414404836428 16.057383776617556 47.567221566807468 0 0 0 -1 205 1476 211 1535 212 1769 216 1631 213 1499 208 982
648 24.679665670240706 -14.599011285027546 81.286221220134649 0 0 0 -1 205 1999 208 2032 211 2076 212 2168 216 2201 213 1928
1771 10.881141025152456 -2.5783009824754055 32.51599633517295 0 0 0 -1 212 1560 211 1681 216 1778
662 -38.911795756832738 45.550954811126616 58.160121206595221 0 0 0 -1 205 1687 212 1846
660 0.7340648363855945 -0.10704840811510061 95.196687289543078 0 0 0 -1 205 1619 208 1656 211 1694 213 1488
451 4.8874190051942143 5.2632729787744417 35.646106691967979 192 68 38 -1 217 1617 205 1946 210 1749
659 4.0843032580628433 22.527705928809489 27.165579627624464 254 254 230 -1 208 1459 213 1441 210 1090
736 16.486172561341533 -3.5212637667665647 78.103396225379697 0 0 0 -1 205 2005 208 2038 211 2082 212 2174 213 1934 216 2208 210 1799
479 -72.600611008173075 -11.621779504290897 70.728379380422837 134 87 64 -1 205 859 211 894 208 498 212 920 210 453
1020 -49.602170706058516 -5.2537946093195256 25.388762903037595 0 0 0 -1 217 989 223 912
726 -105.04968798355412 56.968225414936455 269.72612261538325 0 0 0 -1 208 1987 211 1971 212 2125 213 1818 216 2160 217 1621 220 1554 210 1752
1802 11.733353189681496 -1.4273236635524398 9.5204732660251725 0 0 0 -1 217 1549 219 1498
693 -61.783481733634801 25.845026025124941 48.664791325522977 0 0 0 -1 205 1500 212 1621 216 1668 210 1379
715 22.155705442971144 -7.2769515132366456 72.899969292410418 0 0 0 -1 205 1847 208 1884 211 1942 212 2023 213 1800 216 2068 210 1662
1804 14.34280975567906 0.14164410062835006 12.68731715452989 0 0 0 -1 212 2115 218 1710 219 1502
695 1.4065914072796641 19.448158919902422 25.800579563572999 0 0 0 -1 208 1607 213 1564 210 1428
411 48.548185867257494 -3.8085600860574056 48.091950504825881 254 129 70 -1 211 1944 212 2024 216 2070 205 1848
952 -46.011725806293832 10.739945579546166 18.801542913458874 0 0 0 -1 220 1009 223 1090
383 -43.572297196200154 41.854950934258952 69.114047360963852 182 90 57 -1 212 2079 216 2122 211 1992 205 1895 208 1927 213 1837 210 1699
924 12.23033819918632 -1.7525052297686607 45.602405558051728 0 0 0 -1 211 1946 212 2026 216 2072
156 15.408814404654141 -19.593459156726386 77.005011562299003 237 104 61 -1 211 1823 216 1943 212 1897 205 1739 208 1778 213 1696 210 1556
752 16.516304364857525 -4.4236723847845472 63.845583875414391 0 0 0 -1 208 1974 212 2114 213 1875 210 1736
745 1.2458408232523783 18.108495208119599 23.73782983246431 0 0 0 -1 208 1607 213 1564 210 1428
742 -54.38814961551634 21.523381113693244 23.433501020379982 0 0 0 -1 205 982 210 1227
890 14.523317015635612 -14.544473027371851 75.393900942757867 0 0 0 -1 205 1998 221 1440
810 20.776044434654334 -14.719207558196002 60.045051327676134 0 0 0 -1 208 1637 211 1667 217 1309 220 1135 221 1170 218 1403
894 14.852496064771586 -1.5048252059770806 47.937252609632971 0 0 0 -1 208 2039 211 2083 220 1602 218 1771
762 42.978137991169859 -0.10041597752152209 21.993189085761273 0 0 0 -1 220 733 218 836
895 10.281600779551074 1.8319636288717251 24.156265629180027 0 0 0 -1 211 2085 217 1667 218 1773
873 -7.2893878705657444 -23.43557324050359 28.568405321457384 0 0 0 -1 212 2087 216 2131
891 15.23273155299764 -10.079755017611911 66.122960956158025 0 0 0 -1 205 2000 208 2034 211 2078 212 2170 216 2203 218 1766
866 -12.11876918393053 18.149670161928537 92.394960238413361 0 0 0 -1 213 1718 218 1663
879 -92.487422402310003 50.175581684856766 237.23890608495432 0 0 0 -1 208 1987 210 1752 211 1971 212 2125 213 1818 216 2160 217 1621 220 1554 218 1727
858 12.384371469935527 -1.6533102061875049 46.364658140645801 0 0 0 -1 211 1946 212 2026 205 1850 216 2072
317 -49.255848399096351 -5.5412324636650681 24.966218570905188 154 48 21 -1 217 988 223 913 220 970
892 10.622803959160027 -3.9833887026707031 62.00637346908799 0 0 0 -1 205 2003 208 2037 211 2080 212 2172 216 2206 218 1768
878 4.6330563549689634 7.8196799126529717 52.016567019060219 0 0 0 -1 205 1868 208 1900 210 1750 211 1962 212 2046 216 2090 213 1891
849 -0.05961274965375616 23.977111020084493 34.635509273955641 0 0 0 -1 208 1935 213 1845
893 11.90118161516749 -2.5564103938558755 54.603579137498109 0 0 0 -1 205 2005 211 2082 212 2174 218 1769 216 2208
1477 -9.2646700627930798 13.788293060819568 72.47128686123456 0 0 0 -1 205 1765 206 1855 210 1677 211 1859 212 1936 213 1718 215 1785 207 1732 208 1807 216 1816 208 1906
368 -52.906355368467729 47.04873075508678 83.104953026992277 108 34 17 -1 212 1962 211 1886 205 1795 210 1614
740 -48.837578975230059 37.471904745188638 173.10356999454351 207 110 78 -1 213 1011 210 875 208 981 211 544 216 560 212 544 217 471 220 481 218 539
861 24.726769460364959 2.0981414958701721 57.258842736882983 0 0 0 -1 208 1891 210 1668 205 1858 213 1806
876 1.6833552981031099 2.8348397926051248 86.368569974047034 0 0 0 -1 208 1977 211 1954 212 2034 213 1879 216 2148 218 1712
779 52.936709836983212 11.058175743794502 55.765111683022262 0 0 0 -1 208 1312 218 1180
912 47.559617942397338 7.87279362941094 30.352248289269934 0 0 0 -1 216 1977 218 1428
896 7.3558200850969291 3.0944060486152027 25.917925502681886 0 0 0 -1 211 2087 212 2181 216 2214
901 -14.825139749959011 34.724381342299594 65.757929081505807 0 0 0 -1 210 1816 213 1954 218 1785 208 2003
906 19.692682209343754 -13.211908726933094 70.923140326332415 0 0 0 -1 216 1587 218 1292
932 12.347035526199752 -1.339616107627591 39.945946586109443 0 0 0 -1 211 2083 212 2175 216 2210
930 -100.85670681222472 54.402276152290291 257.64828730030092 0 0 0 -1 208 1987 210 1752 211 1971 212 2125 213 1818 216 2160 217 1621 220 1554 218 1727
903 -61.323026920798881 55.765903329017988 100.80382726981449 0 0 0 -1 213 1390 218 970 205 1339 212 1650 211 1590
859 10.840667971528017 -0.54277907706062933 63.543631303152772 0 0 0 -1 211 1948 216 2076 212 2028 208 1890
902 -26.773756258650621 33.051459643931842 82.946761946994329 0 0 0 -1 205 987 210 566 213 1049 218 923 208 622
919 -4.6300342078239671 19.052027076748743 62.519257095428067 0 0 0 -1 210 1681 212 1944 218 1565
915 -48.075162245166638 -55.600971827497922 124.65997843514579 0 0 0 -1 210 1643 213 1686 205 1829 208 1869 205 1728 208 1769 216 1927 211 1660 216 2046 212 1886
905 13.661098253476485 -18.286802930360288 76.005648311814113 0 0 0 -1 212 1534 218 1287 205 1439
928 1.7387550369684575 3.2874307484209901 104.29143514666212 0 0 0 -1 208 1977 211 1954 212 2034 216 2148 218 1712 213 1879
960 -1.975165485340094 20.808851400727086 37.761723859813131 0 0 0 -1 217 1377 218 1592 223 1217
982 15.297001573304483 -20.391786780284498 10.35633939955637 0 0 0 -1 220 1445 221 1314 223 1341
1010 24.026143701881413 -2.8546374291711447 73.497920192503656 0 0 0 -1 205 2006 208 2039 213 1935 217 1665 220 1602 221 1446 223 1487
967 14.683293174477647 -18.491391455597501 43.536714364383819 0 0 0 -1 210 1725 208 1962 213 1858
957 -62.752823605733646 12.747722868213083 31.811325333431565 0 0 0 -1 220 1300 221 1081 223 1189
990 18.567885254396295 2.4328966241605823 56.509328931449524 0 0 0 -1 217 1453 220 1486
1015 0.70013611757922023 10.52432836082478 17.410361847926023 0 0 0 -1 217 1679 220 1612 221 1461 223 1497
926 -14.738088280191331 22.382170666296336 108.44802661100952 132 48 12 -1 221 1406 223 1439
966 -150.1103268465005 -123.06702291625464 342.75566252989665 0 0 0 -1 212 2008 217 1423 218 1624 220 1368 223 1254 216 2049
1003 -110.30483354732736 -94.51292216571261 309.8610295183052 0 0 0 -1 205 1992 208 2028 210 1789 211 2069 212 2159 213 1925 216 2195 217 1655 218 1756 220 1590 223 1474
941 -139.02378336941752 -115.45167369680215 338.2130827273495 0 0 0 -1 208 870 213 879 220 948 221 895 223 891 210 1112 211 833 205 1195 212 867 217 967
991 -50.562211498724615 9.4630222033421028 27.075401122178526 0 0 0 -1 217 1558 223 1380
1013 5.7003868013381638 5.5835924046332295 33.870847384754178 0 0 0 -1 210 1804 213 1939 221 1455
956 24.632201981403146 -16.728944073055597 73.474325052403259 0 0 0 -1 217 1310 221 1062
1025 -2.9443280518958082 27.263123382365631 35.341224282330671 0 0 0 -1 221 1213 223 1228
854 21.96271196779503 -22.363075170429283 62.751991829920755 254 125 72 -1 220 1464 221 1237 223 1257 217 1533
1037 7.1750495128621496 2.8177171411536031 63.957532323648756 0 0 0 -1 217 1666 220 1603
1026 -132.69489995072016 -109.16648603177661 305.07651774827144 0 0 0 -1 212 2008 217 1423 218 1624 220 1368 223 1254 216 2049
1038 0.892495193682455 9.7411775805541936 16.492284883594891 0 0 0 -1 217 1679 220 1612 221 1461 223 1497
1034 -35.427548407807095 24.045306620328883 26.578386448832056 0 0 0 -1 217 1583 223 1404
1032 -43.127443916660575 -24.64332428434917 274.87646344646623 0 0 0 -1 210 1663 211 1943 216 2069 217 1543 220 1477 221 1337 223 1367 205 1935 208 1972 212 2112 218 1709
1029 -36.241583471181485 33.463957447761985 173.52955567251834 0 0 0 -1 208 1674 211 1710 212 1768 217 1461 218 1430 220 1298 210 1478 216 1814
1019 -63.571582739807205 -8.6242511151175574 57.246357396987953 0 0 0 -1 217 987 221 687 223 910 220 969
983 -27.090291838414089 -32.908272775784141 52.777900671090904 0 0 0 -1 220 1527 221 1320 223 1346
1031 -106.72277262887403 -58.014041884124019 294.09153502037469 0 0 0 -1 205 1931 208 1971 210 1733 212 2110 213 1869 217 1539 218 1708 221 1335 211 2017 216 2146
1027 -74.023089874516529 -79.140221943671662 261.74509178919237 0 0 0 -1 205 1734 210 1552 212 1894 216 1941 217 1428 220 1371 223 1256
1055 -1.1855639430802933 2.8064209238816784 7.889400948909409 0 0 0 -1 213 1390 209 1330
1103 12.045130703176905 11.323412802196946 69.570599857048464 0 0 0 -1 205 2013 208 2043 210 1804 213 1939 209 1821
417 -51.227083432103512 42.704759319867982 47.135404164120594 152 49 20 -1 211 1417 216 1469 205 1379
